# time [days]    flux [arb. units]
0.000000e+00 2.667921e-01
1.825913e-01 6.414953e+00
3.651826e-01 -6.128362e-01
5.477739e-01 -1.562038e+00
7.303652e-01 -9.419838e-01
9.129565e-01 2.250125e+00
1.095548e+00 2.201564e+00
1.278139e+00 -1.657139e+00
1.460730e+00 2.260423e-01
1.643322e+00 -1.529696e+00
1.825913e+00 2.926706e+00
2.008504e+00 4.691465e+00
2.191096e+00 4.043828e+00
2.373687e+00 3.988968e+00
2.556278e+00 -1.931820e+00
2.738869e+00 -1.364044e+00
2.921461e+00 -2.579859e+00
3.104052e+00 -1.828801e+00
3.286643e+00 -9.596245e-01
3.469235e+00 -3.691436e+00
3.651826e+00 -2.845934e+00
3.834417e+00 2.075088e+00
4.017009e+00 3.643665e+00
4.199600e+00 1.034802e+00
4.382191e+00 2.031967e+00
4.564782e+00 -2.298526e+00
4.747374e+00 2.587501e+00
4.929965e+00 5.599047e-01
5.112556e+00 2.266810e+00
5.295148e+00 -3.793129e-01
5.477739e+00 1.624348e+00
5.660330e+00 2.904232e-01
5.842921e+00 -1.084767e+00
6.025513e+00 4.550801e+00
6.208104e+00 -1.247287e+00
6.390695e+00 1.916026e-02
6.573287e+00 5.566733e+00
6.755878e+00 5.671190e+00
6.938469e+00 4.423305e+00
7.121061e+00 4.559892e+00
7.303652e+00 2.409422e+00
7.486243e+00 3.483345e+00
7.668834e+00 6.360353e+00
7.851426e+00 1.004198e+00
8.034017e+00 7.845707e+00
8.216608e+00 2.127648e+00
8.399200e+00 4.439232e+00
8.581791e+00 5.229311e+00
8.764382e+00 5.373320e+00
8.946973e+00 3.602561e+00
9.129565e+00 4.146831e+00
9.312156e+00 8.370148e+00
9.494747e+00 4.934293e+00
9.677339e+00 3.621449e+00
9.859930e+00 5.700510e+00
1.004252e+01 8.967226e+00
1.022511e+01 7.063044e+00
1.040770e+01 2.621802e+00
1.059030e+01 8.847295e+00
1.077289e+01 3.736302e+00
1.095548e+01 6.274186e+00
1.113807e+01 7.261786e+00
1.132066e+01 2.987061e+00
1.150325e+01 9.326522e+00
1.168584e+01 2.419333e+00
1.186843e+01 7.025276e+00
1.205103e+01 9.094973e+00
1.223362e+01 1.545840e+00
1.241621e+01 5.169807e+00
1.259880e+01 1.999466e+00
1.278139e+01 3.976973e+00
1.296398e+01 6.675593e+00
1.314657e+01 5.486769e-01
1.332916e+01 7.547706e+00
1.351176e+01 1.549605e+00
1.369435e+01 1.264298e+00
1.387694e+01 9.323142e-01
1.405953e+01 6.192526e+00
1.424212e+01 3.372179e+00
1.442471e+01 -1.238358e-01
1.460730e+01 -1.057843e+00
1.478989e+01 -5.549663e-01
1.497249e+01 1.849711e+00
1.515508e+01 3.721671e+00
1.533767e+01 4.169286e+00
1.552026e+01 1.529730e+00
1.570285e+01 -2.083111e+00
1.588544e+01 -1.566626e+00
1.606803e+01 4.966763e+00
1.625063e+01 9.330905e-01
1.643322e+01 -1.629220e+00
1.661581e+01 -4.170940e-01
1.679840e+01 3.479460e+00
1.698099e+01 -1.748301e-01
1.716358e+01 1.102078e+00
1.734617e+01 3.622471e+00
1.752876e+01 4.957577e+00
1.771136e+01 4.519302e-01
1.789395e+01 3.167852e+00
1.807654e+01 3.042199e+00
1.825913e+01 5.494638e+00
1.844172e+01 5.191478e+00
1.862431e+01 -1.839200e+00
1.880690e+01 5.849093e+00
1.898949e+01 1.128979e+00
1.917209e+01 7.015145e-01
1.935468e+01 5.752743e+00
1.953727e+01 2.994802e+00
1.971986e+01 1.613631e+00
1.990245e+01 -2.601543e-01
2.008504e+01 7.486869e-01
2.026763e+01 2.158566e-01
2.045023e+01 8.033187e-01
2.063282e+01 1.979114e+00
2.081541e+01 4.708408e+00
2.099800e+01 6.952638e+00
2.118059e+01 3.901415e+00
2.136318e+01 6.768618e+00
2.154577e+01 5.380833e+00
2.172836e+01 6.925353e+00
2.191096e+01 7.190173e+00
2.209355e+01 3.385573e+00
2.227614e+01 7.317184e+00
2.245873e+01 3.252182e+00
2.264132e+01 2.258382e+00
2.282391e+01 6.124053e+00
2.300650e+01 4.134660e+00
2.318909e+01 9.216995e+00
2.337169e+01 6.841116e+00
2.355428e+01 6.836227e+00
2.373687e+01 6.222826e+00
2.391946e+01 4.050663e+00
2.410205e+01 4.620793e+00
2.428464e+01 4.559730e+00
2.446723e+01 7.391361e+00
2.464982e+01 1.921952e+00
2.483242e+01 7.618953e+00
2.501501e+01 8.381311e+00
2.519760e+01 4.993529e+00
2.538019e+01 3.644094e+00
2.556278e+01 3.785265e+00
2.574537e+01 6.471997e+00
2.592796e+01 3.573363e+00
2.611056e+01 5.490693e+00
2.629315e+01 4.705585e+00
2.647574e+01 2.727501e-02
2.665833e+01 3.654150e+00
2.684092e+01 -1.163003e+00
2.702351e+01 3.539128e+00
2.720610e+01 5.656794e+00
2.738869e+01 -2.080252e+00
2.757129e+01 5.563346e+00
2.775388e+01 -1.731421e+00
2.793647e+01 1.001545e+00
2.811906e+01 5.654092e-01
2.830165e+01 -1.174888e+00
2.848424e+01 1.480576e+00
2.866683e+01 -1.631495e+00
2.884942e+01 1.868960e+00
2.903202e+01 -8.042644e-01
2.921461e+01 2.456731e+00
2.939720e+01 2.698570e+00
2.957979e+01 -3.958663e+00
2.976238e+01 -3.162487e-01
2.994497e+01 3.670786e+00
3.012756e+01 -2.790510e+00
3.031016e+01 -2.126619e+00
3.049275e+01 -2.174093e+00
3.067534e+01 3.445672e+00
3.085793e+01 2.225279e+00
3.104052e+01 -3.247338e-01
3.122311e+01 -1.629804e+00
3.140570e+01 3.286852e+00
3.158829e+01 2.662709e+00
3.177089e+01 -2.582033e+00
3.195348e+01 -2.141122e-01
3.213607e+01 3.256480e+00
3.231866e+01 3.798410e+00
3.250125e+01 -2.265674e+00
3.268384e+01 3.614953e-02
3.286643e+01 1.510208e+00
3.304902e+01 -1.936209e-01
3.323162e+01 1.683622e+00
3.341421e+01 4.546369e-01
3.359680e+01 2.673624e+00
3.377939e+01 3.626044e+00
3.396198e+01 3.034680e+00
3.414457e+01 3.595379e+00
3.432716e+01 8.073314e-01
3.450975e+01 6.303055e+00
3.469235e+01 3.534636e+00
3.487494e+01 1.957609e+00
3.505753e+01 -6.997868e-02
3.524012e+01 5.527020e+00
3.542271e+01 4.684901e+00
3.560530e+01 6.712806e+00
3.578789e+01 9.468975e-02
3.597049e+01 9.940401e-01
3.615308e+01 3.516905e+00
3.633567e+01 1.222051e+00
3.651826e+01 2.735676e+00
3.670085e+01 7.210052e-01
3.688344e+01 4.300630e+00
3.706603e+01 6.866286e+00
3.724862e+01 7.274560e-01
3.743122e+01 2.828640e+00
3.761381e+01 7.232766e+00
3.779640e+01 6.306990e-01
3.797899e+01 -2.775766e-01
3.816158e+01 6.706350e+00
3.834417e+01 4.007322e+00
3.852676e+01 2.946487e+00
3.870935e+01 -5.130775e-01
3.889195e+01 4.087759e+00
3.907454e+01 3.576567e+00
3.925713e+01 2.215998e+00
3.943972e+01 -2.157305e+00
3.962231e+01 3.182689e+00
3.980490e+01 -1.773585e+00
3.998749e+01 3.266803e+00
4.017009e+01 1.578745e+00
4.035268e+01 -2.372346e+00
4.053527e+01 1.604399e+00
4.071786e+01 1.335894e+00
4.090045e+01 -1.717617e+00
4.108304e+01 2.560929e+00
4.126563e+01 -3.907050e+00
4.144822e+01 2.247663e+00
4.163082e+01 1.078138e+00
4.181341e+01 2.686144e+00
4.199600e+01 -2.743247e+00
4.217859e+01 1.309512e+00
4.236118e+01 2.244881e+00
4.254377e+01 -1.719460e+00
4.272636e+01 1.293372e-01
4.290895e+01 -1.746360e+00
4.309155e+01 8.807215e-01
4.327414e+01 2.538466e+00
4.345673e+01 2.794464e+00
4.363932e+01 -2.253092e+00
4.382191e+01 -1.135904e+00
4.400450e+01 -3.128293e+00
4.418709e+01 2.326883e+00
4.436968e+01 7.764874e-01
4.455228e+01 -1.315730e+00
4.473487e+01 -2.733217e+00
4.491746e+01 -4.680106e-01
4.510005e+01 -2.185261e+00
4.528264e+01 -2.164051e-01
4.546523e+01 3.902860e-01
4.564782e+01 2.037712e+00
4.583042e+01 3.494907e+00
4.601301e+01 4.491853e+00
4.619560e+01 8.340074e-01
4.637819e+01 3.292831e+00
4.656078e+01 -1.360743e+00
4.674337e+01 -1.049017e+00
4.692596e+01 -5.047560e-02
4.710855e+01 6.698885e-01
4.729115e+01 1.637680e+00
4.747374e+01 6.271155e+00
4.765633e+01 1.844410e+00
4.783892e+01 6.524293e-01
4.802151e+01 7.098775e+00
4.820410e+01 6.001028e+00
4.838669e+01 1.846003e+00
4.856928e+01 3.905318e+00
4.875188e+01 4.554724e+00
4.893447e+01 1.812595e+00
4.911706e+01 5.932174e+00
4.929965e+01 3.532590e+00
4.948224e+01 3.929413e+00
4.966483e+01 1.460832e+00
4.984742e+01 1.617221e+00
5.003002e+01 1.810079e+00
5.021261e+01 7.770508e+00
5.039520e+01 4.166859e+00
5.057779e+01 4.752737e+00
5.076038e+01 5.379341e+00
5.094297e+01 3.158297e+00
5.112556e+01 5.542459e+00
5.130815e+01 1.924391e+00
5.149075e+01 3.550775e+00
5.167334e+01 5.684919e+00
5.185593e+01 1.390878e-01
5.203852e+01 2.828660e+00
5.222111e+01 2.622465e+00
5.240370e+01 5.173666e+00
5.258629e+01 6.193221e+00
5.276888e+01 5.710214e+00
5.295148e+01 4.758590e+00
5.313407e+01 2.118893e+00
5.331666e+01 2.817343e+00
5.349925e+01 5.285691e+00
5.368184e+01 3.666444e+00
5.386443e+01 3.676568e+00
5.404702e+01 1.651309e+00
5.422961e+01 -2.918690e+00
5.441221e+01 3.853376e+00
5.459480e+01 -9.610205e-01
5.477739e+01 -3.248327e+00
5.495998e+01 -1.398043e+00
5.514257e+01 3.188593e+00
5.532516e+01 -1.026695e+00
5.550775e+01 -2.613356e+00
5.569035e+01 2.424994e+00
5.587294e+01 3.182200e+00
5.605553e+01 -2.091947e+00
5.623812e+01 -3.020277e-01
5.642071e+01 2.091712e+00
5.660330e+01 4.108755e+00
5.678589e+01 2.784343e+00
5.696848e+01 -2.977779e+00
5.715108e+01 -2.832810e+00
5.733367e+01 -2.394201e+00
5.751626e+01 4.411732e-01
5.769885e+01 -2.114908e+00
5.788144e+01 2.218964e+00
5.806403e+01 -9.902849e-01
5.824662e+01 2.483392e+00
5.842921e+01 2.006619e+00
5.861181e+01 -2.342740e-01
5.879440e+01 2.287211e+00
5.897699e+01 3.077231e+00
5.915958e+01 2.909473e+00
5.934217e+01 4.531093e-01
5.952476e+01 3.544039e+00
5.970735e+01 4.113605e+00
5.988994e+01 2.582982e+00
6.007254e+01 6.813336e+00
6.025513e+01 -3.369731e-02
6.043772e+01 1.418128e+00
6.062031e+01 2.688094e+00
6.080290e+01 2.580295e+00
6.098549e+01 5.684094e+00
6.116808e+01 4.533799e+00
6.135068e+01 1.078527e+00
6.153327e+01 6.781669e+00
6.171586e+01 1.386291e+00
6.189845e+01 7.140542e+00
6.208104e+01 7.335380e+00
6.226363e+01 4.414618e+00
6.244622e+01 1.136522e+00
6.262881e+01 1.765367e+00
6.281141e+01 8.709634e-01
6.299400e+01 1.387368e+00
6.317659e+01 2.246304e+00
6.335918e+01 7.921196e+00
6.354177e+01 6.997453e+00
6.372436e+01 2.440791e+00
6.390695e+01 2.249817e+00
6.408954e+01 4.780000e+00
6.427214e+01 4.267866e+00
6.445473e+01 1.064919e+00
6.463732e+01 4.009792e+00
6.481991e+01 5.128555e+00
6.500250e+01 2.369681e-01
6.518509e+01 5.390022e+00
6.536768e+01 -5.705372e-01
6.555028e+01 -7.826577e-01
6.573287e+01 4.626942e+00
6.591546e+01 4.920672e+00
6.609805e+01 -1.091858e+00
6.628064e+01 1.932059e+00
6.646323e+01 -1.776259e+00
6.664582e+01 -5.112335e-01
6.682841e+01 1.299425e+00
6.701101e+01 -3.413338e+00
6.719360e+01 1.702567e+00
6.737619e+01 2.213313e-01
6.755878e+01 4.196075e-01
6.774137e+01 2.012905e-01
6.792396e+01 -3.574229e+00
6.810655e+01 3.141010e+00
6.828914e+01 -3.322437e+00
6.847174e+01 2.204237e+00
6.865433e+01 7.582577e-01
6.883692e+01 1.518490e+00
6.901951e+01 3.211167e-01
6.920210e+01 -2.567887e+00
6.938469e+01 -3.397140e+00
6.956728e+01 -3.699553e+00
6.974987e+01 -5.030028e+00
6.993247e+01 1.319737e+00
7.011506e+01 -4.627511e+00
7.029765e+01 -1.226033e+00
7.048024e+01 -1.723814e+00
7.066283e+01 -6.936168e-01
7.084542e+01 -3.075464e+00
7.102801e+01 -1.720737e-01
7.121061e+01 -5.579229e-01
7.139320e+01 2.818490e+00
7.157579e+01 -2.046001e+00
7.175838e+01 -2.299609e+00
7.194097e+01 -1.412016e+00
7.212356e+01 2.355661e+00
7.230615e+01 3.521567e+00
7.248874e+01 3.209845e+00
7.267134e+01 -3.169399e-01
7.285393e+01 3.931145e+00
7.303652e+01 -9.877896e-01
7.321911e+01 -1.377226e-01
7.340170e+01 4.273340e+00
7.358429e+01 -7.031073e-01
7.376688e+01 5.717084e-01
7.394947e+01 5.011729e+00
7.413207e+01 2.956118e+00
7.431466e+01 4.557955e-01
7.449725e+01 8.623048e-01
7.467984e+01 2.905378e-01
7.486243e+01 1.875110e+00
7.504502e+01 3.817048e+00
7.522761e+01 1.729359e+00
7.541021e+01 1.909704e+00
7.559280e+01 3.415188e-02
7.577539e+01 3.292328e+00
7.595798e+01 -1.589691e+00
7.614057e+01 3.802760e+00
7.632316e+01 -1.147291e+00
7.650575e+01 -2.113979e+00
7.668834e+01 3.976934e+00
7.687094e+01 -4.482935e-01
7.705353e+01 -1.618414e-01
7.723612e+01 -1.377542e-01
7.741871e+01 1.855170e+00
7.760130e+01 -8.498537e-01
7.778389e+01 1.876248e+00
7.796648e+01 -2.307955e+00
7.814907e+01 2.320196e+00
7.833167e+01 1.837920e+00
7.851426e+01 9.869409e-01
7.869685e+01 2.961054e+00
7.887944e+01 -2.593180e+00
7.906203e+01 -6.214502e-01
7.924462e+01 1.712705e+00
7.942721e+01 -2.948464e+00
7.960980e+01 -2.022992e+00
7.979240e+01 5.948107e-01
7.997499e+01 -2.063036e+00
8.015758e+01 -1.089264e+00
8.034017e+01 -4.925224e+00
8.052276e+01 -5.340158e+00
8.070535e+01 -5.937705e+00
8.088794e+01 -5.599516e-01
8.107054e+01 -3.890476e+00
8.125313e+01 3.280848e-02
8.143572e+01 -5.776596e+00
8.161831e+01 -8.936349e-01
8.180090e+01 -2.403664e+00
8.198349e+01 -1.553233e-01
8.216608e+01 -2.727774e+00
8.234867e+01 -3.691769e+00
8.253127e+01 -4.785405e+00
8.271386e+01 -3.414993e+00
8.289645e+01 -4.776924e+00
8.307904e+01 -1.063885e+00
8.326163e+01 -6.462390e+00
8.344422e+01 -3.029028e+00
8.362681e+01 -6.331291e+00
8.380940e+01 -2.314866e+00
8.399200e+01 -3.377736e+00
8.417459e+01 -2.665046e+00
8.435718e+01 -5.187240e+00
8.453977e+01 -3.501991e+00
8.472236e+01 -4.848526e+00
8.490495e+01 -2.460526e+00
8.508754e+01 -5.307057e+00
8.527014e+01 1.156018e+00
8.545273e+01 -1.568449e+00
8.563532e+01 2.585090e+00
8.581791e+01 -1.449277e+00
8.600050e+01 1.022080e+00
8.618309e+01 -1.039807e+00
8.636568e+01 -3.935805e+00
8.654827e+01 -3.105355e+00
8.673087e+01 1.791472e+00
8.691346e+01 1.564397e+00
8.709605e+01 3.082350e+00
8.727864e+01 3.775076e+00
8.746123e+01 -7.941033e-02
8.764382e+01 -2.719593e-01
8.782641e+01 2.217851e+00
8.800900e+01 -3.141112e+00
8.819160e+01 3.028669e+00
8.837419e+01 3.997213e+00
8.855678e+01 -3.145194e+00
8.873937e+01 -1.101622e+00
8.892196e+01 1.921558e+00
8.910455e+01 -3.240217e+00
8.928714e+01 3.605890e+00
8.946973e+01 2.898954e+00
8.965233e+01 3.664841e+00
8.983492e+01 1.923154e+00
9.001751e+01 -3.094020e+00
9.020010e+01 -1.445628e+00
9.038269e+01 -1.162885e+00
9.056528e+01 -1.322408e+00
9.074787e+01 2.174311e+00
9.093047e+01 -4.292985e+00
9.111306e+01 -2.685897e+00
9.129565e+01 -1.757696e+00
9.147824e+01 1.013579e+00
9.166083e+01 -4.983104e+00
9.184342e+01 -5.117952e+00
9.202601e+01 1.402850e+00
9.220860e+01 1.804245e+00
9.239120e+01 -5.719672e+00
9.257379e+01 2.904509e-01
9.275638e+01 -2.432682e+00
9.293897e+01 -4.153328e+00
9.312156e+01 3.381312e-01
9.330415e+01 -1.004012e+00
9.348674e+01 -2.224937e+00
9.366933e+01 -3.459461e+00
9.385193e+01 -3.468692e+00
9.403452e+01 3.121817e-01
9.421711e+01 -2.466477e+00
9.439970e+01 -5.905195e+00
9.458229e+01 -3.707908e+00
9.476488e+01 -1.589519e+00
9.494747e+01 -7.266524e+00
9.513007e+01 -4.374461e+00
9.531266e+01 4.864174e-01
9.549525e+01 -2.036844e-01
9.567784e+01 -2.935060e+00
9.586043e+01 -1.563994e+00
9.604302e+01 -6.215256e+00
9.622561e+01 -4.669760e+00
9.640820e+01 -4.965399e+00
9.659080e+01 -5.967312e+00
9.677339e+01 -3.094536e+00
9.695598e+01 -8.729956e-01
9.713857e+01 -3.742353e+00
9.732116e+01 -4.345945e+00
9.750375e+01 2.096419e+00
9.768634e+01 -1.482349e+00
9.786893e+01 1.152100e+00
9.805153e+01 -3.163058e+00
9.823412e+01 1.380216e+00
9.841671e+01 -1.949125e+00
9.859930e+01 -3.401968e+00
9.878189e+01 -2.686414e+00
9.896448e+01 2.784213e+00
9.914707e+01 3.437987e+00
9.932966e+01 2.462073e-02
9.951226e+01 4.756175e+00
9.969485e+01 1.618793e-01
9.987744e+01 -3.487332e-01
1.000600e+02 1.474015e+00
1.002426e+02 6.370334e+00
1.004252e+02 -8.345984e-01
1.006078e+02 6.419246e+00
1.007904e+02 1.309030e+00
1.009730e+02 4.006871e+00
1.011556e+02 -9.299845e-01
1.013382e+02 2.353492e+00
1.015208e+02 5.979983e+00
1.017034e+02 3.069722e+00
1.018859e+02 4.227687e-01
1.020685e+02 -5.451348e-01
1.022511e+02 1.812457e+00
1.024337e+02 2.735788e+00
1.026163e+02 4.778317e+00
1.027989e+02 1.269589e+00
1.029815e+02 5.860908e+00
1.031641e+02 5.178311e+00
1.033467e+02 2.966878e+00
1.035293e+02 5.048344e+00
1.037119e+02 4.426671e+00
1.038944e+02 -2.908470e-04
1.040770e+02 4.087760e-02
1.042596e+02 -1.618562e+00
1.044422e+02 -4.077405e-01
1.046248e+02 1.109581e+00
1.048074e+02 4.267411e+00
1.049900e+02 4.683495e+00
1.051726e+02 -1.613555e+00
1.053552e+02 3.654468e+00
1.055378e+02 1.004729e+00
1.057204e+02 3.186706e+00
1.059030e+02 -2.189375e+00
1.060855e+02 6.090075e-01
1.062681e+02 -2.150579e+00
1.064507e+02 3.078078e+00
1.066333e+02 -2.418941e+00
1.068159e+02 -7.132890e-01
1.069985e+02 3.297155e+00
1.071811e+02 1.211249e+00
1.073637e+02 -4.535349e+00
1.075463e+02 1.767979e+00
1.077289e+02 -3.128643e+00
1.079115e+02 2.725576e+00
1.080940e+02 -1.950455e+00
1.082766e+02 -1.007410e+00
1.084592e+02 -1.010012e+00
1.086418e+02 2.585475e-01
1.088244e+02 -2.834699e+00
1.090070e+02 -2.260973e+00
1.091896e+02 3.714030e+00
1.093722e+02 4.693754e-02
1.095548e+02 -2.496739e-01
1.097374e+02 2.581664e+00
1.099200e+02 3.467624e+00
1.101026e+02 6.969057e-01
1.102851e+02 -1.548573e+00
1.104677e+02 4.160563e+00
1.106503e+02 9.121343e-01
1.108329e+02 -1.264443e+00
1.110155e+02 4.387859e+00
1.111981e+02 -1.251128e+00
1.113807e+02 -1.364777e+00
1.115633e+02 1.700440e+00
1.117459e+02 2.114930e+00
1.119285e+02 3.899389e-01
1.121111e+02 -6.214355e-01
1.122936e+02 3.087977e+00
1.124762e+02 5.496715e+00
1.126588e+02 4.783663e-01
1.128414e+02 5.973474e+00
1.130240e+02 5.755805e+00
1.132066e+02 4.828715e+00
1.133892e+02 5.942808e+00
1.135718e+02 6.415324e-01
1.137544e+02 2.493683e+00
1.139370e+02 5.232554e+00
1.141196e+02 4.734590e+00
1.143022e+02 6.288468e+00
1.144847e+02 1.990481e+00
1.146673e+02 6.227747e+00
1.148499e+02 2.927886e+00
1.150325e+02 1.466150e+00
1.152151e+02 7.451378e+00
1.153977e+02 8.751535e-01
1.155803e+02 6.626314e+00
1.157629e+02 7.332421e+00
1.159455e+02 1.316089e-01
1.161281e+02 4.851161e+00
1.163107e+02 5.900051e+00
1.164932e+02 2.767343e-01
1.166758e+02 8.306259e-01
1.168584e+02 8.407604e-01
1.170410e+02 4.792291e+00
1.172236e+02 5.438457e+00
1.174062e+02 2.836985e+00
1.175888e+02 4.332693e+00
1.177714e+02 -2.599701e+00
1.179540e+02 4.333379e+00
1.181366e+02 1.821449e+00
1.183192e+02 -6.962603e-01
1.185018e+02 3.304803e+00
1.186843e+02 1.775626e+00
1.188669e+02 -3.564816e+00
1.190495e+02 2.802850e+00
1.192321e+02 -3.257953e+00
1.194147e+02 3.007667e+00
1.195973e+02 -2.933803e+00
1.197799e+02 -1.440059e-02
1.199625e+02 2.264941e+00
1.201451e+02 1.675472e+00
1.203277e+02 -2.614260e+00
1.205103e+02 1.454787e+00
1.206928e+02 1.258526e+00
1.208754e+02 -1.364352e+00
1.210580e+02 -5.048587e+00
1.212406e+02 -2.793769e+00
1.214232e+02 -5.071609e+00
1.216058e+02 -4.836390e+00
1.217884e+02 -2.599360e+00
1.219710e+02 1.868722e+00
1.221536e+02 1.349443e-01
1.223362e+02 -2.133961e+00
1.225188e+02 -2.355518e+00
1.227014e+02 1.412819e+00
1.228839e+02 2.512613e+00
1.230665e+02 -8.163116e-01
1.232491e+02 -7.097055e-01
1.234317e+02 2.653284e+00
1.236143e+02 -2.738765e+00
1.237969e+02 1.684435e+00
1.239795e+02 -3.896614e+00
1.241621e+02 -3.165675e-01
1.243447e+02 -2.358957e+00
1.245273e+02 -2.611678e+00
1.247099e+02 -6.913765e-01
1.248924e+02 -2.479200e+00
1.250750e+02 3.148488e+00
1.252576e+02 7.909166e-01
1.254402e+02 -1.860314e+00
1.256228e+02 2.240837e+00
1.258054e+02 2.733889e+00
1.259880e+02 3.019969e+00
1.261706e+02 3.687783e+00
1.263532e+02 -1.315018e+00
1.265358e+02 -2.731852e-01
1.267184e+02 1.906190e-01
1.269010e+02 1.149039e+00
1.270835e+02 2.471647e+00
1.272661e+02 -1.282299e+00
1.274487e+02 3.379939e-01
1.276313e+02 1.974640e+00
1.278139e+02 4.468143e+00
1.279965e+02 4.323174e+00
1.281791e+02 -1.688012e+00
1.283617e+02 -4.787366e-01
1.285443e+02 1.098880e+00
1.287269e+02 4.384780e+00
1.289095e+02 3.590354e+00
1.290920e+02 2.056060e+00
1.292746e+02 -2.846770e+00
1.294572e+02 6.108628e-01
1.296398e+02 -2.386957e+00
1.298224e+02 -1.386322e+00
1.300050e+02 1.583465e+00
1.301876e+02 -3.939519e-01
1.303702e+02 -4.523015e+00
1.305528e+02 -1.934122e+00
1.307354e+02 -1.063542e+00
1.309180e+02 -1.276506e+00
1.311006e+02 -5.523522e+00
1.312831e+02 9.565379e-01
1.314657e+02 -3.217419e+00
1.316483e+02 -4.444088e-01
1.318309e+02 -2.444382e+00
1.320135e+02 -1.930321e+00
1.321961e+02 -5.093032e+00
1.323787e+02 -7.820784e+00
1.325613e+02 -2.005319e+00
1.327439e+02 -7.933748e+00
1.329265e+02 -4.347398e+00
1.331091e+02 -7.230222e+00
1.332916e+02 -1.268876e+00
1.334742e+02 -7.133082e+00
1.336568e+02 -7.871407e+00
1.338394e+02 -4.609953e+00
1.340220e+02 -3.366830e+00
1.342046e+02 -1.067335e+00
1.343872e+02 -1.887021e+00
1.345698e+02 -3.632970e+00
1.347524e+02 -1.273696e+00
1.349350e+02 -6.207352e+00
1.351176e+02 -3.190232e+00
1.353002e+02 -6.109885e+00
1.354827e+02 -6.535120e-01
1.356653e+02 -5.727300e+00
1.358479e+02 -7.074941e+00
1.360305e+02 -6.163439e+00
1.362131e+02 -2.458949e+00
1.363957e+02 -4.090525e-02
1.365783e+02 -1.932869e+00
1.367609e+02 -2.137755e+00
1.369435e+02 -1.645370e+00
1.371261e+02 -8.310095e-01
1.373087e+02 -2.912815e+00
1.374912e+02 -6.024310e+00
1.376738e+02 -4.473828e+00
1.378564e+02 -2.260918e+00
1.380390e+02 -5.281971e+00
1.382216e+02 -5.887360e-01
1.384042e+02 -2.401554e+00
1.385868e+02 -2.524844e+00
1.387694e+02 -2.216675e-01
1.389520e+02 -1.449394e+00
1.391346e+02 3.001854e+00
1.393172e+02 -3.430373e+00
1.394997e+02 -2.847813e+00
1.396823e+02 -8.149692e-01
1.398649e+02 1.571130e+00
1.400475e+02 -2.549421e+00
1.402301e+02 2.471479e+00
1.404127e+02 -4.401843e+00
1.405953e+02 -5.067956e-01
1.407779e+02 1.103093e+00
1.409605e+02 -2.967754e+00
1.411431e+02 -2.985689e+00
1.413257e+02 1.376032e+00
1.415083e+02 5.718656e-01
1.416908e+02 -3.316919e+00
1.418734e+02 -2.130082e+00
1.420560e+02 -3.625568e+00
1.422386e+02 -6.879219e-01
1.424212e+02 -3.129112e+00
1.426038e+02 1.911780e+00
1.427864e+02 -4.542813e+00
1.429690e+02 -4.710067e+00
1.431516e+02 -4.286319e-01
1.433342e+02 -2.613024e+00
1.435168e+02 -3.009618e+00
1.436993e+02 7.964992e-03
1.438819e+02 -4.670727e+00
1.440645e+02 -4.106484e+00
1.442471e+02 -5.743386e+00
1.444297e+02 -7.473986e+00
1.446123e+02 -7.699140e+00
1.447949e+02 -1.038247e+00
1.449775e+02 -8.702975e-01
1.451601e+02 -5.119222e+00
1.453427e+02 -5.874404e+00
1.455253e+02 -1.346530e+00
1.457079e+02 -3.881315e+00
1.458904e+02 -7.011416e+00
1.460730e+02 -4.020572e+00
1.462556e+02 -4.675590e+00
1.464382e+02 -7.134822e+00
1.466208e+02 -1.501715e+00
1.468034e+02 -3.583384e+00
1.469860e+02 -1.615845e+00
1.471686e+02 -2.064118e+00
1.473512e+02 -2.212993e+00
1.475338e+02 -5.512018e+00
1.477164e+02 -3.972374e+00
1.478989e+02 -6.932184e+00
1.480815e+02 -6.464001e+00
1.482641e+02 -5.184226e+00
1.484467e+02 -9.499921e-01
1.486293e+02 -9.054528e-01
1.488119e+02 -7.940639e+00
1.489945e+02 -2.877045e+00
1.491771e+02 -1.197946e+00
1.493597e+02 -1.496676e+00
1.495423e+02 -1.610497e+00
1.497249e+02 -2.331669e+00
1.499075e+02 -6.469535e+00
1.500900e+02 -5.213323e+00
1.502726e+02 -4.112981e+00
1.504552e+02 -3.009119e+00
1.506378e+02 4.263889e-01
1.508204e+02 -4.508264e-01
1.510030e+02 1.910246e+00
1.511856e+02 -1.181023e+00
1.513682e+02 -7.220957e-02
1.515508e+02 -2.699016e+00
1.517334e+02 -4.387769e+00
1.519160e+02 -1.816013e+00
1.520985e+02 -4.043609e+00
1.522811e+02 -9.362158e-01
1.524637e+02 7.632697e-02
1.526463e+02 3.292488e+00
1.528289e+02 8.780933e-01
1.530115e+02 3.019514e+00
1.531941e+02 -3.483569e-01
1.533767e+02 -1.022826e+00
1.535593e+02 -1.219134e+00
1.537419e+02 -9.506251e-01
1.539245e+02 -1.913566e+00
1.541071e+02 3.241908e+00
1.542896e+02 3.573817e+00
1.544722e+02 -2.758912e+00
1.546548e+02 -1.030906e+00
1.548374e+02 1.524765e+00
1.550200e+02 1.157694e+00
1.552026e+02 -3.155906e+00
1.553852e+02 -3.714416e+00
1.555678e+02 -2.630651e+00
1.557504e+02 -2.674135e+00
1.559330e+02 2.118083e+00
1.561156e+02 -2.065640e+00
1.562981e+02 -2.166679e+00
1.564807e+02 -2.346802e+00
1.566633e+02 -2.073632e+00
1.568459e+02 -5.125482e+00
1.570285e+02 -3.316673e+00
1.572111e+02 -2.404981e+00
1.573937e+02 -5.593825e+00
1.575763e+02 -4.399524e+00
1.577589e+02 -6.451174e+00
1.579415e+02 -5.426442e+00
1.581241e+02 -5.546211e+00
1.583067e+02 -5.617614e+00
1.584892e+02 -1.675189e+00
1.586718e+02 -5.280093e+00
1.588544e+02 -7.165558e+00
1.590370e+02 -2.533439e+00
1.592196e+02 -1.466129e+00
1.594022e+02 -2.300635e+00
1.595848e+02 -3.854746e+00
1.597674e+02 -3.525528e+00
1.599500e+02 -5.879380e+00
1.601326e+02 -4.334278e+00
1.603152e+02 -6.756537e+00
1.604977e+02 -7.707863e+00
1.606803e+02 -7.250335e-01
1.608629e+02 -6.186867e+00
1.610455e+02 -5.641886e+00
1.612281e+02 -3.808618e+00
1.614107e+02 -9.491978e-02
1.615933e+02 -4.351645e+00
1.617759e+02 -3.120246e+00
1.619585e+02 -2.934001e+00
1.621411e+02 -5.577149e+00
1.623237e+02 -5.797596e+00
1.625063e+02 -3.011957e+00
1.626888e+02 -1.841290e+00
1.628714e+02 2.059248e+00
1.630540e+02 -3.876330e+00
1.632366e+02 -1.851680e+00
1.634192e+02 -1.428099e+00
1.636018e+02 1.213819e+00
1.637844e+02 -2.785546e+00
1.639670e+02 2.106005e-01
1.641496e+02 2.542525e+00
1.643322e+02 1.797465e+00
1.645148e+02 1.802567e-02
1.646973e+02 2.537172e+00
1.648799e+02 1.371009e+00
1.650625e+02 3.535865e+00
1.652451e+02 -3.225120e-01
1.654277e+02 4.949601e-01
1.656103e+02 -1.151924e+00
1.657929e+02 3.730383e+00
1.659755e+02 -2.730833e+00
1.661581e+02 -7.689322e-01
1.663407e+02 -2.994938e+00
1.665233e+02 4.178815e+00
1.667059e+02 3.553176e+00
1.668884e+02 -1.319080e+00
1.670710e+02 3.045642e+00
1.672536e+02 2.162208e+00
1.674362e+02 1.751519e+00
1.676188e+02 1.990726e+00
1.678014e+02 1.501644e+00
1.679840e+02 1.043129e+00
1.681666e+02 8.711188e-01
1.683492e+02 3.413994e-01
1.685318e+02 -3.675927e+00
1.687144e+02 4.266237e-01
1.688969e+02 -3.638898e+00
1.690795e+02 8.703640e-01
1.692621e+02 1.488388e+00
1.694447e+02 -2.802145e+00
1.696273e+02 8.336304e-01
1.698099e+02 -5.144584e+00
1.699925e+02 -3.325235e-01
1.701751e+02 -9.475000e-01
1.703577e+02 -2.779420e+00
1.705403e+02 -1.962159e+00
1.707229e+02 4.468024e-01
1.709055e+02 -6.767424e+00
1.710880e+02 -5.120099e+00
1.712706e+02 -6.975900e+00
1.714532e+02 -7.798641e+00
1.716358e+02 -2.693116e+00
1.718184e+02 -5.305440e+00
1.720010e+02 -5.430702e+00
1.721836e+02 -7.088872e+00
1.723662e+02 -1.172071e+00
1.725488e+02 -2.930341e+00
1.727314e+02 -6.705183e+00
1.729140e+02 -1.619337e+00
1.730965e+02 -1.928139e+00
1.732791e+02 -2.359225e+00
1.734617e+02 -4.888848e+00
1.736443e+02 -6.057898e+00
1.738269e+02 -6.526375e+00
1.740095e+02 -3.133537e+00
1.741921e+02 -3.507353e+00
1.743747e+02 -7.962356e+00
1.745573e+02 -3.068860e+00
1.747399e+02 -2.216626e+00
1.749225e+02 -5.677966e+00
1.751051e+02 -4.510430e+00
1.752876e+02 -2.027685e+00
1.754702e+02 -9.465172e-01
1.756528e+02 -4.911941e+00
1.758354e+02 -2.518070e+00
1.760180e+02 2.000356e-01
1.762006e+02 -5.891228e+00
1.763832e+02 -1.648032e+00
1.765658e+02 -1.479790e+00
1.767484e+02 -7.486327e-01
1.769310e+02 -3.356409e+00
1.771136e+02 -5.618136e+00
1.772961e+02 2.301119e+00
1.774787e+02 1.663838e+00
1.776613e+02 -1.375777e+00
1.778439e+02 2.015945e-01
1.780265e+02 -2.412372e+00
1.782091e+02 -4.548622e+00
1.783917e+02 -2.484760e+00
1.785743e+02 1.485416e+00
1.787569e+02 8.464381e-01
1.789395e+02 -2.761828e+00
1.791221e+02 7.453801e-01
1.793047e+02 1.572735e+00
1.794872e+02 -3.171846e-01
1.796698e+02 -1.267142e+00
1.798524e+02 -3.991956e+00
1.800350e+02 -9.890445e-01
1.802176e+02 9.775777e-01
1.804002e+02 -3.899932e-01
1.805828e+02 -3.528045e+00
1.807654e+02 -3.491022e+00
1.809480e+02 3.959054e-01
1.811306e+02 -4.043028e+00
1.813132e+02 -1.103518e+00
1.814957e+02 1.153815e+00
1.816783e+02 1.272779e+00
1.818609e+02 -1.762852e+00
1.820435e+02 -2.539357e+00
1.822261e+02 -2.933572e+00
1.824087e+02 -6.340210e+00
1.825913e+02 -5.437238e+00
1.827739e+02 -3.341557e+00
1.829565e+02 -2.422670e+00
1.831391e+02 -3.737039e+00
1.833217e+02 -2.645572e+00
1.835043e+02 -4.385989e+00
1.836868e+02 -2.411099e+00
1.838694e+02 -7.824950e+00
1.840520e+02 -5.620786e+00
1.842346e+02 -7.629775e+00
1.844172e+02 -7.522414e+00
1.845998e+02 -6.467796e+00
1.847824e+02 -2.177130e+00
1.849650e+02 -4.312130e+00
1.851476e+02 -2.074943e+00
1.853302e+02 -8.875926e+00
1.855128e+02 -9.240524e+00
1.856953e+02 -3.933380e+00
1.858779e+02 -6.916088e+00
1.860605e+02 -9.351448e+00
1.862431e+02 -3.085734e+00
1.864257e+02 -6.043379e+00
1.866083e+02 -3.396727e+00
1.867909e+02 -8.293570e+00
1.869735e+02 -8.802969e+00
1.871561e+02 -8.334164e+00
1.873387e+02 -3.044308e+00
1.875213e+02 -1.597769e+00
1.877039e+02 -8.606086e+00
1.878864e+02 -4.674649e+00
1.880690e+02 -1.209744e+00
1.882516e+02 -2.230619e+00
1.884342e+02 -1.094168e+00
1.886168e+02 -7.474672e-01
1.887994e+02 -9.227284e-02
1.889820e+02 -7.241098e+00
1.891646e+02 2.241575e-01
1.893472e+02 -5.214076e+00
1.895298e+02 -5.139510e+00
1.897124e+02 -2.960812e+00
1.898949e+02 2.259655e-01
1.900775e+02 -1.380407e+00
1.902601e+02 -3.016156e+00
1.904427e+02 2.092799e+00
1.906253e+02 -4.455665e+00
1.908079e+02 -2.909255e+00
1.909905e+02 2.533699e+00
1.911731e+02 -4.502020e+00
1.913557e+02 2.835642e+00
1.915383e+02 -1.945626e+00
1.917209e+02 -2.703562e+00
1.919035e+02 -5.744881e-01
1.920860e+02 -1.973665e+00
1.922686e+02 1.228299e+00
1.924512e+02 -3.153568e+00
1.926338e+02 -2.454707e-01
1.928164e+02 1.963100e+00
1.929990e+02 2.130046e-01
1.931816e+02 -7.244799e-01
1.933642e+02 -2.793693e+00
1.935468e+02 5.990551e-01
1.937294e+02 2.909610e+00
1.939120e+02 -2.378724e+00
1.940945e+02 -4.551057e+00
1.942771e+02 -4.828116e+00
1.944597e+02 -4.642858e+00
1.946423e+02 -3.231544e+00
1.948249e+02 -2.255048e+00
1.950075e+02 -3.099880e+00
1.951901e+02 -1.383701e-02
1.953727e+02 -5.533264e+00
1.955553e+02 -1.802608e+00
1.957379e+02 -2.291523e+00
1.959205e+02 -3.715991e+00
1.961031e+02 6.784062e-02
1.962856e+02 -3.158796e+00
1.964682e+02 -1.521391e+00
1.966508e+02 -7.409995e+00
1.968334e+02 -6.357962e+00
1.970160e+02 -4.774081e-01
1.971986e+02 -7.537087e+00
1.973812e+02 -1.436880e+00
1.975638e+02 -3.711596e+00
1.977464e+02 -8.146712e+00
1.979290e+02 -7.232844e-01
1.981116e+02 -2.682192e+00
1.982941e+02 -2.609363e+00
1.984767e+02 -3.631393e+00
1.986593e+02 -3.410202e+00
1.988419e+02 -6.720448e+00
1.990245e+02 -4.093913e+00
1.992071e+02 -2.572695e+00
1.993897e+02 -7.613307e+00
1.995723e+02 -6.264167e+00
1.997549e+02 -8.080072e+00
1.999375e+02 -4.821789e+00
2.001201e+02 -1.875574e+00
2.003027e+02 -9.285270e-01
2.004852e+02 -2.353753e+00
2.006678e+02 5.842945e-01
2.008504e+02 -2.546529e+00
2.010330e+02 4.792697e-01
2.012156e+02 -1.490589e+00
2.013982e+02 7.478749e-01
2.015808e+02 -8.863224e-01
2.017634e+02 -9.179143e-01
2.019460e+02 7.001130e-01
2.021286e+02 2.297833e+00
2.023112e+02 -2.775720e+00
2.024937e+02 -1.021181e+00
2.026763e+02 -1.563142e+00
2.028589e+02 -4.264418e+00
2.030415e+02 4.383509e-01
2.032241e+02 -4.040185e+00
2.034067e+02 -3.024095e+00
2.035893e+02 -3.251277e+00
2.037719e+02 -1.316669e+00
2.039545e+02 5.418881e-02
2.041371e+02 -1.796114e+00
2.043197e+02 -2.568287e+00
2.045023e+02 -1.440490e+00
2.046848e+02 1.857179e+00
2.048674e+02 3.517457e+00
2.050500e+02 1.401142e-01
2.052326e+02 1.977034e+00
2.054152e+02 3.974554e+00
2.055978e+02 3.030647e+00
2.057804e+02 -1.762339e+00
2.059630e+02 -8.311082e-01
2.061456e+02 3.456938e+00
2.063282e+02 2.986236e+00
2.065108e+02 2.361610e-01
2.066933e+02 -1.810201e+00
2.068759e+02 -1.716744e+00
2.070585e+02 1.678029e+00
2.072411e+02 -2.756634e+00
2.074237e+02 2.825119e+00
2.076063e+02 -3.557702e+00
2.077889e+02 -9.767685e-01
2.079715e+02 -3.783212e+00
2.081541e+02 3.399641e+00
2.083367e+02 5.371248e-01
2.085193e+02 -7.555296e-01
2.087019e+02 2.048985e+00
2.088844e+02 -4.983379e+00
2.090670e+02 -1.526692e+00
2.092496e+02 -4.963715e+00
2.094322e+02 -3.134483e+00
2.096148e+02 1.263246e+00
2.097974e+02 -5.536194e+00
2.099800e+02 -4.091066e-01
2.101626e+02 -3.194640e+00
2.103452e+02 -2.920520e+00
2.105278e+02 -4.958441e+00
2.107104e+02 -1.297375e+00
2.108929e+02 -5.965341e+00
2.110755e+02 -3.912157e+00
2.112581e+02 -6.602186e+00
2.114407e+02 -5.962754e+00
2.116233e+02 -2.291620e+00
2.118059e+02 -9.523851e-01
2.119885e+02 -8.993166e-01
2.121711e+02 -1.051565e+00
2.123537e+02 -4.459654e+00
2.125363e+02 -3.531920e+00
2.127189e+02 -1.014017e+00
2.129015e+02 -6.830525e+00
2.130840e+02 -2.282663e+00
2.132666e+02 -4.249674e+00
2.134492e+02 -2.543902e+00
2.136318e+02 -2.089773e+00
2.138144e+02 -5.432476e+00
2.139970e+02 -6.215287e+00
2.141796e+02 -2.058711e+00
2.143622e+02 -3.699854e+00
2.145448e+02 -3.775009e+00
2.147274e+02 -6.066630e-01
2.149100e+02 -3.181355e-02
2.150925e+02 7.114217e-01
2.152751e+02 -4.118595e-01
2.154577e+02 -4.893399e+00
2.156403e+02 6.415646e-01
2.158229e+02 -5.612164e-01
2.160055e+02 1.248716e+00
2.161881e+02 -1.702695e+00
2.163707e+02 -1.027559e+00
2.165533e+02 -2.409934e+00
2.167359e+02 1.063147e+00
2.169185e+02 -3.533273e-01
2.171011e+02 2.226119e+00
2.172836e+02 -4.939020e-01
2.174662e+02 1.355871e+00
2.176488e+02 3.471747e-01
2.178314e+02 1.972399e+00
2.180140e+02 2.255252e+00
2.181966e+02 -2.039898e+00
2.183792e+02 -1.212985e+00
2.185618e+02 1.166540e+00
2.187444e+02 2.074889e+00
2.189270e+02 -1.845049e+00
2.191096e+02 -1.030415e+00
2.192921e+02 -3.473064e-02
2.194747e+02 2.751666e+00
2.196573e+02 -2.846674e+00
2.198399e+02 2.445383e+00
2.200225e+02 -7.638826e-01
2.202051e+02 -3.896017e+00
2.203877e+02 2.118547e+00
2.205703e+02 -1.982145e+00
2.207529e+02 -2.414437e+00
2.209355e+02 -5.205448e+00
2.211181e+02 -1.995283e+00
2.213007e+02 -3.363094e+00
2.214832e+02 -3.722084e+00
2.216658e+02 -5.260348e+00
2.218484e+02 -1.059551e+00
2.220310e+02 -2.980246e+00
2.222136e+02 -2.715630e+00
2.223962e+02 -1.032448e-01
2.225788e+02 -3.764385e+00
2.227614e+02 -8.069862e+00
2.229440e+02 -5.182482e+00
2.231266e+02 -3.648469e+00
2.233092e+02 -6.512304e+00
2.234917e+02 -3.771986e+00
2.236743e+02 -7.163509e+00
2.238569e+02 -7.048923e+00
2.240395e+02 -5.119232e+00
2.242221e+02 -3.817710e+00
2.244047e+02 -3.135288e+00
2.245873e+02 -7.302682e+00
2.247699e+02 -7.461880e+00
2.249525e+02 -2.011172e+00
2.251351e+02 -9.852514e+00
2.253177e+02 -2.740286e+00
2.255003e+02 -3.948402e+00
2.256828e+02 -2.226790e+00
2.258654e+02 -7.320960e+00
2.260480e+02 -5.565919e+00
2.262306e+02 -3.306216e+00
2.264132e+02 -6.110399e+00
2.265958e+02 -1.930898e+00
2.267784e+02 -8.213455e+00
2.269610e+02 -5.147838e+00
2.271436e+02 -8.266343e+00
2.273262e+02 -4.758453e+00
2.275088e+02 -1.804746e+00
2.276913e+02 -6.163206e+00
2.278739e+02 -1.466773e+00
2.280565e+02 -6.821186e+00
2.282391e+02 -3.227128e-01
2.284217e+02 -6.164604e+00
2.286043e+02 -5.946311e+00
2.287869e+02 -1.084199e-01
2.289695e+02 -4.259366e-01
2.291521e+02 -1.145876e+00
2.293347e+02 -3.818868e+00
2.295173e+02 -4.526871e+00
2.296998e+02 -1.063270e+00
2.298824e+02 -2.407779e+00
2.300650e+02 -2.598251e+00
2.302476e+02 -2.632154e+00
2.304302e+02 -2.539334e-02
2.306128e+02 -2.668000e+00
2.307954e+02 -1.153053e+00
2.309780e+02 -2.378841e+00
2.311606e+02 -2.108700e+00
2.313432e+02 -1.095796e-01
2.315258e+02 9.559073e-01
2.317084e+02 -5.446350e+00
2.318909e+02 -2.996060e+00
2.320735e+02 -1.277895e+00
2.322561e+02 -4.087127e-01
2.324387e+02 -4.854943e+00
2.326213e+02 -3.102480e+00
2.328039e+02 -5.833991e+00
2.329865e+02 -4.955430e+00
2.331691e+02 -3.006558e+00
2.333517e+02 -3.963339e+00
2.335343e+02 -3.797509e+00
2.337169e+02 -5.714696e+00
2.338994e+02 -4.316538e+00
2.340820e+02 -5.161098e+00
2.342646e+02 -2.907755e+00
2.344472e+02 -5.007739e+00
2.346298e+02 -6.083100e+00
2.348124e+02 -9.075117e+00
2.349950e+02 -6.858455e+00
2.351776e+02 -8.934376e+00
2.353602e+02 -5.317749e+00
2.355428e+02 -9.760607e+00
2.357254e+02 -6.176573e+00
2.359080e+02 -7.939314e+00
2.360905e+02 -7.724143e+00
2.362731e+02 -6.335332e+00
2.364557e+02 -8.024427e+00
2.366383e+02 -8.733106e+00
2.368209e+02 -1.035482e+01
2.370035e+02 -5.852074e+00
2.371861e+02 -7.726575e+00
2.373687e+02 -9.979685e+00
2.375513e+02 -8.255005e+00
2.377339e+02 -6.525215e+00
2.379165e+02 -8.585541e+00
2.380990e+02 -9.388977e+00
2.382816e+02 -9.098987e+00
2.384642e+02 -1.057253e+01
2.386468e+02 -8.219869e+00
2.388294e+02 -1.160410e+01
2.390120e+02 -4.554700e+00
2.391946e+02 -5.836575e+00
2.393772e+02 -7.942019e+00
2.395598e+02 -4.417623e+00
2.397424e+02 -7.387834e+00
2.399250e+02 -3.424599e+00
2.401076e+02 -4.695025e+00
2.402901e+02 -5.575760e+00
2.404727e+02 -4.454092e+00
2.406553e+02 -8.093726e+00
2.408379e+02 -8.871592e+00
2.410205e+02 -3.465775e+00
2.412031e+02 -3.296906e+00
2.413857e+02 -6.016988e+00
2.415683e+02 -3.457253e+00
2.417509e+02 -3.885019e+00
2.419335e+02 -4.523938e+00
2.421161e+02 -2.062998e+00
2.422986e+02 -1.563372e+00
2.424812e+02 -3.682617e+00
2.426638e+02 -1.517274e-01
2.428464e+02 -6.664978e+00
2.430290e+02 -3.827525e+00
2.432116e+02 -2.623013e+00
2.433942e+02 -6.621980e+00
2.435768e+02 -2.323056e+00
2.437594e+02 3.663589e-01
2.439420e+02 -5.562264e+00
2.441246e+02 -1.486000e+00
2.443072e+02 -4.862882e+00
2.444897e+02 -3.280576e+00
2.446723e+02 -6.006281e+00
2.448549e+02 1.544148e+00
2.450375e+02 -4.689632e+00
2.452201e+02 1.471702e+00
2.454027e+02 -4.156171e-01
2.455853e+02 -2.560935e+00
2.457679e+02 -5.692905e+00
2.459505e+02 -6.387169e+00
2.461331e+02 -5.934882e+00
2.463157e+02 -5.833161e+00
2.464982e+02 -3.630871e+00
2.466808e+02 -3.928824e+00
2.468634e+02 -3.403047e+00
2.470460e+02 -4.752325e+00
2.472286e+02 -5.704038e-01
2.474112e+02 -6.428094e+00
2.475938e+02 -4.860162e+00
2.477764e+02 -2.086541e+00
2.479590e+02 -4.107316e+00
2.481416e+02 -6.884193e+00
2.483242e+02 -4.500792e+00
2.485068e+02 -3.444185e+00
2.486893e+02 -3.978918e+00
2.488719e+02 -7.683166e+00
2.490545e+02 -2.045641e+00
2.492371e+02 -5.001189e+00
2.494197e+02 -2.952116e+00
2.496023e+02 -7.321573e+00
2.497849e+02 -1.999307e+00
2.499675e+02 -2.653017e+00
2.501501e+02 -7.790846e+00
2.503327e+02 -7.498067e+00
2.505153e+02 -9.264251e+00
2.506978e+02 -4.539822e+00
2.508804e+02 -1.829034e+00
2.510630e+02 -7.111059e+00
2.512456e+02 -4.512566e+00
2.514282e+02 -1.901340e+00
2.516108e+02 -4.381276e+00
2.517934e+02 -2.260685e+00
2.519760e+02 -1.594061e+00
2.521586e+02 -1.238785e+00
2.523412e+02 -7.938634e+00
2.525238e+02 -1.989645e+00
2.527064e+02 -8.015133e+00
2.528889e+02 -2.512766e+00
2.530715e+02 -2.586106e+00
2.532541e+02 -3.283381e+00
2.534367e+02 1.416244e-01
2.536193e+02 -5.723992e+00
2.538019e+02 -2.853155e+00
2.539845e+02 -4.745005e+00
2.541671e+02 -1.527539e+00
2.543497e+02 -2.400622e+00
2.545323e+02 -1.662758e+00
2.547149e+02 -1.830758e+00
2.548974e+02 -1.613510e+00
2.550800e+02 -7.745456e-01
2.552626e+02 -1.567701e+00
2.554452e+02 7.737851e-01
2.556278e+02 -4.397757e+00
2.558104e+02 2.260995e-01
2.559930e+02 1.086059e+00
2.561756e+02 -1.943489e-01
2.563582e+02 -2.855373e+00
2.565408e+02 3.255594e+00
2.567234e+02 -3.051946e+00
2.569060e+02 -8.903674e-01
2.570885e+02 -1.985747e+00
2.572711e+02 4.586121e+00
2.574537e+02 9.631115e-02
2.576363e+02 -9.661132e-01
2.578189e+02 3.652919e+00
2.580015e+02 -8.458100e-01
2.581841e+02 4.782495e+00
2.583667e+02 -2.823263e+00
2.585493e+02 2.007308e+00
2.587319e+02 4.309272e+00
2.589145e+02 -9.431129e-01
2.590970e+02 3.682996e+00
2.592796e+02 9.820773e-01
2.594622e+02 3.880477e+00
2.596448e+02 -3.248619e+00
2.598274e+02 -4.080677e+00
2.600100e+02 -1.038043e+00
2.601926e+02 -8.785660e-01
2.603752e+02 -4.617386e+00
2.605578e+02 -2.528464e+00
2.607404e+02 -7.229655e-01
2.609230e+02 6.737474e-01
2.611056e+02 1.575764e+00
2.612881e+02 -3.213418e+00
2.614707e+02 1.603426e+00
2.616533e+02 -2.242531e+00
2.618359e+02 -4.167570e+00
2.620185e+02 1.161074e+00
2.622011e+02 -6.191960e+00
2.623837e+02 -2.756476e+00
2.625663e+02 -5.682430e-01
2.627489e+02 -1.522543e+00
2.629315e+02 -1.898558e+00
2.631141e+02 -5.358389e+00
2.632966e+02 -9.521543e-01
2.634792e+02 -9.204813e-01
2.636618e+02 -1.719930e+00
2.638444e+02 3.248320e-01
2.640270e+02 -3.652812e+00
2.642096e+02 -2.472365e+00
2.643922e+02 -6.771537e+00
2.645748e+02 -7.522118e-01
2.647574e+02 3.334130e-01
2.649400e+02 -2.717903e+00
2.651226e+02 -3.747166e+00
2.653052e+02 -3.874475e+00
2.654877e+02 7.155880e-02
2.656703e+02 -3.862362e+00
2.658529e+02 -9.873024e-03
2.660355e+02 -1.802844e+00
2.662181e+02 -4.968516e+00
2.664007e+02 9.062555e-01
2.665833e+02 -4.932580e-01
2.667659e+02 -3.623684e+00
2.669485e+02 -5.334004e-01
2.671311e+02 8.970066e-01
2.673137e+02 6.390585e-01
2.674962e+02 1.014848e+00
2.676788e+02 -2.839934e+00
2.678614e+02 -3.321607e+00
2.680440e+02 3.480779e-01
2.682266e+02 3.001390e+00
2.684092e+02 -2.306875e-01
2.685918e+02 2.686837e+00
2.687744e+02 1.562604e+00
2.689570e+02 4.166415e+00
2.691396e+02 3.692358e+00
2.693222e+02 -1.144665e+00
2.695048e+02 3.487450e+00
2.696873e+02 -1.041200e+00
2.698699e+02 -1.000124e-01
2.700525e+02 6.350271e-01
2.702351e+02 5.039655e+00
2.704177e+02 -9.246357e-02
2.706003e+02 -1.377585e+00
2.707829e+02 -1.689536e+00
2.709655e+02 1.351004e+00
2.711481e+02 8.320975e-01
2.713307e+02 2.864879e+00
2.715133e+02 -1.861212e+00
2.716958e+02 -2.534857e+00
2.718784e+02 4.264476e+00
2.720610e+02 6.788719e-01
2.722436e+02 2.303801e+00
2.724262e+02 2.611124e+00
2.726088e+02 3.798912e+00
2.727914e+02 2.947724e+00
2.729740e+02 -9.343593e-01
2.731566e+02 -3.154992e+00
2.733392e+02 2.379202e+00
2.735218e+02 -3.693721e+00
2.737044e+02 -4.664741e+00
2.738869e+02 -2.706605e+00
2.740695e+02 -4.294741e-01
2.742521e+02 -2.325143e+00
2.744347e+02 -3.304255e-01
2.746173e+02 -4.925955e+00
2.747999e+02 -6.008688e+00
2.749825e+02 -5.956959e+00
2.751651e+02 -4.652988e+00
2.753477e+02 -2.717921e+00
2.755303e+02 -5.019581e+00
2.757129e+02 -5.668282e+00
2.758954e+02 -7.307253e+00
2.760780e+02 -6.695706e+00
2.762606e+02 -4.083499e+00
2.764432e+02 -4.571860e+00
2.766258e+02 -6.169169e+00
2.768084e+02 -1.493804e+00
2.769910e+02 -1.903634e+00
2.771736e+02 -3.987366e+00
2.773562e+02 -1.314244e+00
2.775388e+02 -1.639491e+00
2.777214e+02 -7.142644e+00
2.779040e+02 -7.042480e+00
2.780865e+02 -6.261833e-01
2.782691e+02 -7.828603e+00
2.784517e+02 -3.143828e+00
2.786343e+02 -7.415600e+00
2.788169e+02 -8.527165e-01
2.789995e+02 -6.283535e-02
2.791821e+02 -5.301041e+00
2.793647e+02 -2.826475e+00
2.795473e+02 -3.575573e+00
2.797299e+02 -4.237238e+00
2.799125e+02 3.536119e-01
2.800950e+02 -1.785955e-01
2.802776e+02 -4.248659e+00
2.804602e+02 -5.311454e+00
2.806428e+02 -4.711281e+00
2.808254e+02 1.369249e+00
2.810080e+02 1.162591e-01
2.811906e+02 -3.594965e+00
2.813732e+02 1.588155e+00
2.815558e+02 2.106963e+00
2.817384e+02 1.894811e+00
2.819210e+02 -1.568934e+00
2.821036e+02 -1.719578e+00
2.822861e+02 -4.117978e+00
2.824687e+02 -2.731834e-01
2.826513e+02 -3.946824e-01
2.828339e+02 -2.308180e+00
2.830165e+02 -1.032142e+00
2.831991e+02 1.868792e+00
2.833817e+02 -2.172927e+00
2.835643e+02 2.370809e+00
2.837469e+02 1.246474e-01
2.839295e+02 2.207096e-01
2.841121e+02 -1.054600e+00
2.842946e+02 -1.090882e-01
2.844772e+02 1.492759e+00
2.846598e+02 -4.316067e+00
2.848424e+02 2.984955e+00
2.850250e+02 2.357754e+00
2.852076e+02 2.316621e+00
2.853902e+02 -6.508666e-01
2.855728e+02 -3.913248e+00
2.857554e+02 -3.229189e+00
2.859380e+02 1.162955e+00
2.861206e+02 -4.188450e+00
2.863032e+02 -1.968791e+00
2.864857e+02 9.861700e-01
2.866683e+02 8.041063e-02
2.868509e+02 -4.310891e+00
2.870335e+02 -2.501630e+00
2.872161e+02 -5.484683e+00
2.873987e+02 -6.171508e+00
2.875813e+02 -6.108174e+00
2.877639e+02 -5.933769e-01
2.879465e+02 -9.054282e-01
2.881291e+02 -4.554826e+00
2.883117e+02 -3.495377e+00
2.884942e+02 -3.268521e+00
2.886768e+02 -4.160066e+00
2.888594e+02 -6.023047e+00
2.890420e+02 -7.892377e+00
2.892246e+02 -8.159914e+00
2.894072e+02 -2.721361e+00
2.895898e+02 -6.713899e+00
2.897724e+02 -4.567823e+00
2.899550e+02 -2.399401e+00
2.901376e+02 -8.457613e+00
2.903202e+02 -7.931181e+00
2.905028e+02 -3.563537e+00
2.906853e+02 -6.993605e+00
2.908679e+02 -2.433884e+00
2.910505e+02 -1.238159e+00
2.912331e+02 -3.167000e+00
2.914157e+02 -3.341286e+00
2.915983e+02 -6.851655e+00
2.917809e+02 -6.817370e+00
2.919635e+02 -7.465906e+00
2.921461e+02 -3.932220e+00
2.923287e+02 -3.355820e+00
2.925113e+02 -5.280659e+00
2.926938e+02 2.986394e-01
2.928764e+02 -5.375500e+00
2.930590e+02 -3.477475e+00
2.932416e+02 -6.148946e+00
2.934242e+02 -5.669773e-02
2.936068e+02 -3.752365e+00
2.937894e+02 6.181611e-01
2.939720e+02 -2.704470e+00
2.941546e+02 -7.715912e-01
2.943372e+02 -4.175428e+00
2.945198e+02 1.825891e+00
2.947024e+02 2.875068e-01
2.948849e+02 8.142891e-02
2.950675e+02 -9.669255e-01
2.952501e+02 2.017167e+00
2.954327e+02 1.740003e+00
2.956153e+02 7.909121e-01
2.957979e+02 -1.023980e-02
2.959805e+02 -3.360328e+00
2.961631e+02 -1.999743e+00
2.963457e+02 1.359504e+00
2.965283e+02 -2.971905e+00
2.967109e+02 -8.216951e-01
2.968934e+02 1.122248e-01
2.970760e+02 9.542254e-01
2.972586e+02 -4.691524e-01
2.974412e+02 -8.701010e-01
2.976238e+02 9.529579e-01
2.978064e+02 7.352596e-02
2.979890e+02 -3.269803e+00
2.981716e+02 1.002524e-01
2.983542e+02 -3.148895e-01
2.985368e+02 -2.642858e+00
2.987194e+02 -2.686380e+00
2.989020e+02 -4.095907e+00
2.990845e+02 -4.421008e+00
2.992671e+02 2.534797e+00
2.994497e+02 1.814539e-01
2.996323e+02 -2.489320e+00
2.998149e+02 -7.895366e-01
2.999975e+02 9.395467e-01
3.001801e+02 -5.082544e+00
3.003627e+02 -1.358254e+00
3.005453e+02 -6.641332e-01
3.007279e+02 -3.410019e+00
3.009105e+02 -6.576646e+00
3.010930e+02 -2.629957e+00
3.012756e+02 -3.924915e+00
3.014582e+02 -6.857506e+00
3.016408e+02 -6.458797e+00
3.018234e+02 -3.789903e+00
3.020060e+02 -3.412491e+00
3.021886e+02 -7.776958e-01
3.023712e+02 -3.695948e+00
3.025538e+02 -1.839601e+00
3.027364e+02 -2.889698e+00
3.029190e+02 -2.528269e+00
3.031016e+02 -4.509541e+00
3.032841e+02 -9.610226e-01
3.034667e+02 -4.933979e-01
3.036493e+02 -3.569902e+00
3.038319e+02 -2.780919e+00
3.040145e+02 -4.742183e+00
3.041971e+02 -1.872344e+00
3.043797e+02 -3.020604e+00
3.045623e+02 -5.788870e+00
3.047449e+02 -3.139809e-02
3.049275e+02 2.577469e-01
3.051101e+02 -1.912976e+00
3.052926e+02 -1.338097e+00
3.054752e+02 1.123801e+00
3.056578e+02 1.195236e+00
3.058404e+02 1.100385e-01
3.060230e+02 -2.862576e+00
3.062056e+02 9.447116e-01
3.063882e+02 1.437425e-01
3.065708e+02 1.437313e+00
3.067534e+02 -3.519186e+00
3.069360e+02 -3.778542e-01
3.071186e+02 -3.481787e+00
3.073012e+02 -3.400359e+00
3.074837e+02 2.124206e+00
3.076663e+02 3.818141e-01
3.078489e+02 -2.339518e+00
3.080315e+02 4.239518e+00
3.082141e+02 2.648273e+00
3.083967e+02 -6.211575e-01
3.085793e+02 -1.724375e+00
3.087619e+02 3.170533e+00
3.089445e+02 5.103128e+00
3.091271e+02 4.264817e+00
3.093097e+02 4.297056e+00
3.094922e+02 4.608495e+00
3.096748e+02 4.595358e+00
3.098574e+02 -5.926981e-02
3.100400e+02 2.263351e+00
3.102226e+02 5.527686e+00
3.104052e+02 6.060129e-01
3.105878e+02 2.006012e+00
3.107704e+02 4.880026e+00
3.109530e+02 2.437846e+00
3.111356e+02 -2.862323e+00
3.113182e+02 4.177841e+00
3.115008e+02 2.182342e+00
3.116833e+02 4.161611e+00
3.118659e+02 3.160994e+00
3.120485e+02 -1.396965e+00
3.122311e+02 2.609800e+00
3.124137e+02 3.253763e-01
3.125963e+02 1.221185e+00
3.127789e+02 -4.281296e+00
3.129615e+02 -1.946663e+00
3.131441e+02 -3.662380e+00
3.133267e+02 -2.610018e+00
3.135093e+02 -5.589246e+00
3.136918e+02 -5.379869e+00
3.138744e+02 -4.246768e+00
3.140570e+02 -6.304806e+00
3.142396e+02 -4.080690e+00
3.144222e+02 -4.838858e-01
3.146048e+02 8.117553e-01
3.147874e+02 -6.011492e+00
3.149700e+02 -4.922051e+00
3.151526e+02 3.974023e-02
3.153352e+02 -6.707908e-01
3.155178e+02 -4.404316e+00
3.157004e+02 -3.056648e+00
3.158829e+02 -2.938021e+00
3.160655e+02 -2.415716e+00
3.162481e+02 -4.858295e+00
3.164307e+02 -2.963693e+00
3.166133e+02 -1.220275e+00
3.167959e+02 -5.479205e+00
3.169785e+02 -5.859027e+00
3.171611e+02 -6.216562e+00
3.173437e+02 -6.343345e-01
3.175263e+02 -1.762579e+00
3.177089e+02 -4.950441e+00
3.178914e+02 1.144587e+00
3.180740e+02 -9.886499e-01
3.182566e+02 -4.736260e+00
3.184392e+02 -3.912507e+00
3.186218e+02 2.027547e+00
3.188044e+02 -4.652483e+00
3.189870e+02 2.127232e-01
3.191696e+02 -9.277213e-01
3.193522e+02 1.558840e-01
3.195348e+02 -1.830195e+00
3.197174e+02 1.300090e+00
3.198999e+02 -2.657191e+00
3.200825e+02 2.508904e+00
3.202651e+02 -2.254664e+00
3.204477e+02 -5.711974e-01
3.206303e+02 9.386218e-01
3.208129e+02 3.740275e+00
3.209955e+02 4.283567e+00
3.211781e+02 1.980131e+00
3.213607e+02 -1.602984e-01
3.215433e+02 -2.945745e+00
3.217259e+02 -2.346831e+00
3.219085e+02 1.637666e+00
3.220910e+02 -2.909250e-01
3.222736e+02 -1.762372e+00
3.224562e+02 -1.982344e-01
3.226388e+02 4.833764e+00
3.228214e+02 6.420132e-01
3.230040e+02 1.814668e-02
3.231866e+02 2.424266e+00
3.233692e+02 -3.271612e+00
3.235518e+02 -2.447822e+00
3.237344e+02 -1.232154e+00
3.239170e+02 -9.472339e-01
3.240995e+02 -2.358571e+00
3.242821e+02 4.338755e-01
3.244647e+02 1.144521e-01
3.246473e+02 -3.706487e+00
3.248299e+02 -4.978640e-01
3.250125e+02 -3.912354e+00
3.251951e+02 3.706322e-01
3.253777e+02 -8.793932e-02
3.255603e+02 -3.836892e-01
3.257429e+02 1.383461e+00
3.259255e+02 -3.263393e+00
3.261081e+02 -2.948486e+00
3.262906e+02 -1.360881e+00
3.264732e+02 -3.862890e+00
3.266558e+02 -6.197355e+00
3.268384e+02 -4.032536e+00
3.270210e+02 -1.578331e+00
3.272036e+02 -6.032939e+00
3.273862e+02 -7.683884e+00
3.275688e+02 -3.182949e+00
3.277514e+02 -3.146581e+00
3.279340e+02 -6.715097e+00
3.281166e+02 -5.135001e+00
3.282991e+02 -6.833804e+00
3.284817e+02 -3.529774e+00
3.286643e+02 -1.232600e+00
3.288469e+02 -6.522102e+00
3.290295e+02 -4.205525e+00
3.292121e+02 -4.958667e+00
3.293947e+02 -6.445265e+00
3.295773e+02 -7.493870e-01
3.297599e+02 -1.967377e+00
3.299425e+02 -6.751282e+00
3.301251e+02 -3.306993e+00
3.303077e+02 -6.111446e+00
3.304902e+02 -1.541902e+00
3.306728e+02 -3.362935e+00
3.308554e+02 -2.843396e+00
3.310380e+02 -3.491319e+00
3.312206e+02 -2.775111e+00
3.314032e+02 -1.361626e+00
3.315858e+02 5.581740e-01
3.317684e+02 4.803128e-01
3.319510e+02 -2.947057e+00
3.321336e+02 1.268639e-02
3.323162e+02 -3.555687e-01
3.324987e+02 -1.304810e-01
3.326813e+02 -5.214830e+00
3.328639e+02 -2.494842e+00
3.330465e+02 -1.068336e+00
3.332291e+02 -4.457326e+00
3.334117e+02 -4.420403e+00
3.335943e+02 -2.657975e+00
3.337769e+02 2.188306e+00
3.339595e+02 -9.416781e-01
3.341421e+02 8.876002e-02
3.343247e+02 1.289453e+00
3.345073e+02 3.049471e-01
3.346898e+02 1.664087e+00
3.348724e+02 3.885597e+00
3.350550e+02 -1.984987e+00
3.352376e+02 -1.548892e+00
3.354202e+02 1.703844e+00
3.356028e+02 1.992034e-01
3.357854e+02 -1.788313e+00
3.359680e+02 1.225607e+00
3.361506e+02 1.312978e+00
3.363332e+02 -1.116505e+00
3.365158e+02 -1.214837e+00
3.366983e+02 2.497862e+00
3.368809e+02 -1.559971e+00
3.370635e+02 -2.594827e+00
3.372461e+02 -4.347033e+00
3.374287e+02 2.052964e+00
3.376113e+02 2.024944e+00
3.377939e+02 1.586737e+00
3.379765e+02 -3.969746e+00
3.381591e+02 -1.896235e+00
3.383417e+02 -4.534142e+00
3.385243e+02 -4.175366e+00
3.387069e+02 -2.259854e+00
3.388894e+02 -6.862141e-01
3.390720e+02 -1.535602e+00
3.392546e+02 -3.263381e+00
3.394372e+02 -2.708432e+00
3.396198e+02 -3.482719e+00
3.398024e+02 -6.810064e+00
3.399850e+02 -5.292549e+00
3.401676e+02 -2.695458e+00
3.403502e+02 -1.943539e+00
3.405328e+02 -7.222984e+00
3.407154e+02 -1.050603e+00
3.408979e+02 -4.520185e+00
3.410805e+02 -2.845330e+00
3.412631e+02 -4.275608e-01
3.414457e+02 -9.110627e-01
3.416283e+02 -5.008424e+00
3.418109e+02 -7.348194e+00
3.419935e+02 -2.226597e+00
3.421761e+02 -5.954581e+00
3.423587e+02 -1.812140e+00
3.425413e+02 -4.678215e+00
3.427239e+02 -1.489947e+00
3.429065e+02 -4.703740e+00
3.430890e+02 -2.101260e+00
3.432716e+02 -5.658405e+00
3.434542e+02 -5.401689e+00
3.436368e+02 -4.544155e+00
3.438194e+02 1.066608e+00
3.440020e+02 -4.093109e+00
3.441846e+02 -1.702572e-01
3.443672e+02 -2.816280e+00
3.445498e+02 -2.555437e+00
3.447324e+02 -1.454752e+00
3.449150e+02 2.181323e+00
3.450975e+02 -2.440432e+00
3.452801e+02 -1.862390e+00
3.454627e+02 -3.234455e-01
3.456453e+02 1.576356e-01
3.458279e+02 4.157971e+00
3.460105e+02 -2.798939e+00
3.461931e+02 -1.449275e+00
3.463757e+02 -7.964066e-01
3.465583e+02 4.814681e+00
3.467409e+02 -1.036022e+00
3.469235e+02 1.291515e+00
3.471061e+02 4.857271e-01
3.472886e+02 -5.898719e-01
3.474712e+02 2.866971e+00
3.476538e+02 4.364986e+00
3.478364e+02 6.170779e+00
3.480190e+02 -8.993665e-02
3.482016e+02 -1.156504e+00
3.483842e+02 4.750585e+00
3.485668e+02 2.092076e+00
3.487494e+02 -2.431783e-01
3.489320e+02 6.801243e+00
3.491146e+02 2.589344e+00
3.492971e+02 4.979498e+00
3.494797e+02 3.635117e+00
3.496623e+02 3.012468e+00
3.498449e+02 2.531255e+00
3.500275e+02 3.466531e+00
3.502101e+02 1.412641e+00
3.503927e+02 4.375606e+00
3.505753e+02 3.052396e+00
3.507579e+02 5.226273e-01
3.509405e+02 -3.546543e-01
3.511231e+02 -2.346557e-01
3.513057e+02 4.459947e+00
3.514882e+02 -1.598949e+00
3.516708e+02 3.008283e+00
3.518534e+02 -2.857628e+00
3.520360e+02 1.973101e+00
3.522186e+02 3.793702e+00
3.524012e+02 -2.717074e+00
3.525838e+02 1.560436e+00
3.527664e+02 -2.033691e+00
3.529490e+02 3.909134e+00
3.531316e+02 1.734600e+00
3.533142e+02 -3.845774e-01
3.534967e+02 -1.213840e+00
3.536793e+02 -1.088499e+00
3.538619e+02 4.414954e-01
3.540445e+02 -4.229612e+00
3.542271e+02 -3.753055e-01
3.544097e+02 -2.808549e+00
3.545923e+02 2.404731e+00
3.547749e+02 5.639786e-01
3.549575e+02 1.989136e+00
3.551401e+02 -2.425131e+00
3.553227e+02 -3.935987e+00
3.555053e+02 -3.154610e+00
3.556878e+02 1.356221e+00
3.558704e+02 1.661168e+00
3.560530e+02 2.679772e+00
3.562356e+02 -3.272399e+00
3.564182e+02 3.160545e+00
3.566008e+02 8.209360e-01
3.567834e+02 3.291183e+00
3.569660e+02 -2.468418e+00
3.571486e+02 -2.749680e+00
3.573312e+02 -1.244288e-01
3.575138e+02 4.476633e+00
3.576963e+02 2.753545e+00
3.578789e+02 6.115587e+00
3.580615e+02 -2.181228e-01
3.582441e+02 3.467947e+00
3.584267e+02 2.358997e+00
3.586093e+02 6.585974e+00
3.587919e+02 3.832369e+00
3.589745e+02 4.573495e+00
3.591571e+02 4.890971e+00
3.593397e+02 5.180878e+00
3.595223e+02 3.762992e+00
3.597049e+02 1.139697e+00
3.598874e+02 2.646751e+00
3.600700e+02 7.340350e+00
3.602526e+02 5.003084e+00
3.604352e+02 4.374734e+00
3.606178e+02 3.808000e+00
3.608004e+02 8.323277e+00
3.609830e+02 4.851127e+00
3.611656e+02 1.389570e+00
3.613482e+02 5.749959e+00
3.615308e+02 3.657857e+00
3.617134e+02 5.394382e+00
3.618959e+02 3.782078e+00
3.620785e+02 4.217463e+00
3.622611e+02 1.706849e+00
3.624437e+02 7.977520e+00
3.626263e+02 1.898120e+00
3.628089e+02 3.951346e+00
3.629915e+02 1.186714e+00
3.631741e+02 5.546171e+00
3.633567e+02 5.862472e+00
3.635393e+02 4.820496e+00
3.637219e+02 3.987389e+00
3.639045e+02 5.938216e+00
3.640870e+02 7.260869e+00
3.642696e+02 2.402749e+00
3.644522e+02 6.324923e-01
3.646348e+02 -7.380064e-01
3.648174e+02 1.726752e-01
3.650000e+02 -9.828749e-01
