# time [s], signal w/o noise [arb], signal w/noise [arb]
0.0000 0.6883 0.6295
0.1000 0.8368 0.8254
0.2000 1.0074 0.6619
0.3000 1.2009 1.5620
0.4000 1.4174 1.2290
0.5000 1.6566 1.5696
0.6000 1.9172 2.4086
0.7000 2.1971 2.7547
0.8000 2.4933 2.6289
0.9000 2.8020 2.3499
1.0000 3.1183 3.2192
1.1000 3.4370 3.5995
1.2000 3.7519 3.6290
1.3000 4.0567 4.4673
1.4000 4.3448 4.4659
1.5000 4.6097 4.9549
1.6000 4.8454 4.6995
1.7000 5.0468 5.0524
1.8000 5.2092 4.9066
1.9000 5.3296 5.4775
2.0000 5.4060 5.7716
2.1000 5.4379 5.4599
2.2000 5.4264 5.4832
2.3000 5.3737 5.6979
2.4000 5.2835 5.1967
2.5000 5.1605 5.0073
2.6000 5.0105 5.2128
2.7000 4.8395 4.3624
2.8000 4.6541 4.8745
2.9000 4.4608 4.3159
3.0000 4.2660 3.7593
3.1000 4.0754 3.9780
3.2000 3.8940 3.8191
3.3000 3.7262 3.2377
3.4000 3.5750 3.6512
3.5000 3.4429 3.1226
3.6000 3.3309 3.9669
3.7000 3.2395 2.9379
3.8000 3.1679 3.2955
3.9000 3.1151 3.4026
4.0000 3.0789 2.9569
4.1000 3.0571 3.4336
4.2000 3.0469 2.9927
4.3000 3.0455 3.0344
4.4000 3.0500 3.1336
4.5000 3.0576 3.0665
4.6000 3.0654 3.2580
4.7000 3.0712 3.1631
4.8000 3.0727 3.3399
4.9000 3.0679 2.7217
5.0000 3.0555 2.5989
5.1000 3.0343 3.1526
5.2000 3.0033 3.0575
5.3000 2.9622 2.4983
5.4000 2.9107 3.0752
5.5000 2.8488 2.4598
5.6000 2.7770 2.7540
5.7000 2.6958 2.3137
5.8000 2.6059 2.7502
5.9000 2.5083 2.6559
6.0000 2.4039 2.2513
6.1000 2.2938 1.9895
6.2000 2.1792 1.8069
6.3000 2.0612 1.9980
6.4000 1.9410 2.0754
6.5000 1.8198 2.0253
6.6000 1.6986 1.4845
6.7000 1.5784 2.0485
6.8000 1.4603 0.8965
6.9000 1.3450 1.4477
7.0000 1.2334 1.1061
7.1000 1.1259 1.1070
7.2000 1.0233 1.0909
7.3000 0.9259 1.1281
7.4000 0.8341 0.9674
7.5000 0.7481 1.3052
7.6000 0.6679 0.9854
7.7000 0.5937 0.1543
7.8000 0.5254 0.7024
7.9000 0.4629 0.0114
8.0000 0.4060 0.3230
8.1000 0.3545 0.2335
8.2000 0.3082 0.7333
8.3000 0.2668 0.4531
8.4000 0.2299 0.3852
8.5000 0.1972 0.2039
8.6000 0.1684 0.2799
8.7000 0.1432 0.0185
8.8000 0.1212 0.5079
8.9000 0.1021 -0.1256
9.0000 0.0857 0.1213
9.1000 0.0716 0.2297
9.2000 0.0595 -0.1883
9.3000 0.0493 0.0449
9.4000 0.0406 -0.3083
9.5000 0.0333 0.4078
9.6000 0.0272 0.3867
9.7000 0.0221 -0.2600
9.8000 0.0179 -0.1181
9.9000 0.0145 -0.1929
10.0000 0.0116 -0.0118
10.1000 0.0093 -0.3571
10.2000 0.0074 0.2595
10.3000 0.0058 0.0209
10.4000 0.0046 -0.4116
10.5000 0.0036 -0.0360
10.6000 0.0028 0.1225
10.7000 0.0022 0.1491
10.8000 0.0017 0.4101
10.9000 0.0013 0.3780
11.0000 0.0010 0.3611
11.1000 0.0008 -0.2134
11.2000 0.0006 0.0149
11.3000 0.0004 -0.5114
11.4000 0.0003 0.2031
11.5000 0.0003 -0.5585
11.6000 0.0002 -0.3711
11.7000 0.0001 -0.4986
11.8000 0.0001 0.3534
11.9000 0.0001 0.2651
12.0000 0.0001 0.2696
12.1000 0.0000 -0.1489
12.2000 0.0000 0.8355
12.3000 0.0000 0.3021
12.4000 0.0000 0.2022
12.5000 0.0000 0.0037
12.6000 0.0000 -0.0119
12.7000 0.0000 -0.1132
12.8000 0.0000 0.1552
12.9000 0.0000 0.7085
13.0000 0.0000 -0.2883
13.1000 0.0000 -0.1553
13.2000 0.0000 0.3633
13.3000 0.0000 -0.1391
13.4000 0.0000 -0.0712
13.5000 0.0000 -0.1566
13.6000 0.0000 0.1160
13.7000 0.0000 -0.1379
13.8000 0.0000 0.0289
13.9000 0.0000 -0.2249
14.0000 0.0000 0.3086
14.1000 0.0000 -0.0936
14.2000 0.0000 0.0793
14.3000 0.0000 -0.5035
14.4000 0.0000 0.3286
14.5000 0.0000 0.1641
14.6000 0.0000 0.0139
14.7000 0.0000 -0.2816
14.8000 0.0000 0.3304
14.9000 0.0000 0.0583
15.0000 0.6883 0.6295
15.1000 0.8368 0.8254
15.2000 1.0074 0.6619
15.3000 1.2009 1.5620
15.4000 1.4174 1.2290
15.5000 1.6566 1.5696
15.6000 1.9172 2.4086
15.7000 2.1971 2.7547
15.8000 2.4933 2.6289
15.9000 2.8020 2.3499
16.0000 3.1183 3.2192
16.1000 3.4370 3.5995
16.2000 3.7519 3.6290
16.3000 4.0567 4.4673
16.4000 4.3448 4.4659
16.5000 4.6097 4.9549
16.6000 4.8454 4.6995
16.7000 5.0468 5.0524
16.8000 5.2092 4.9066
16.9000 5.3296 5.4775
17.0000 5.4060 5.7716
17.1000 5.4379 5.4599
17.2000 5.4264 5.4832
17.3000 5.3737 5.6979
17.4000 5.2835 5.1967
17.5000 5.1605 5.0073
17.6000 5.0105 5.2128
17.7000 4.8395 4.3624
17.8000 4.6541 4.8745
17.9000 4.4608 4.3159
18.0000 4.2660 3.7593
18.1000 4.0754 3.9780
18.2000 3.8940 3.8191
18.3000 3.7262 3.2377
18.4000 3.5750 3.6512
18.5000 3.4429 3.1226
18.6000 3.3309 3.9669
18.7000 3.2395 2.9379
18.8000 3.1679 3.2955
18.9000 3.1151 3.4026
19.0000 3.0789 2.9569
19.1000 3.0571 3.4336
19.2000 3.0469 2.9927
19.3000 3.0455 3.0344
19.4000 3.0500 3.1336
19.5000 3.0576 3.0665
19.6000 3.0654 3.2580
19.7000 3.0712 3.1631
19.8000 3.0727 3.3399
19.9000 3.0679 2.7217
20.0000 3.0555 2.5989
20.1000 3.0343 3.1526
20.2000 3.0033 3.0575
20.3000 2.9622 2.4983
20.4000 2.9107 3.0752
20.5000 2.8488 2.4598
20.6000 2.7770 2.7540
20.7000 2.6958 2.3137
20.8000 2.6059 2.7502
20.9000 2.5083 2.6559
21.0000 2.4039 2.2513
21.1000 2.2938 1.9895
21.2000 2.1792 1.8069
21.3000 2.0612 1.9980
21.4000 1.9410 2.0754
21.5000 1.8198 2.0253
21.6000 1.6986 1.4845
21.7000 1.5784 2.0485
21.8000 1.4603 0.8965
21.9000 1.3450 1.4477
22.0000 1.2334 1.1061
22.1000 1.1259 1.1070
22.2000 1.0233 1.0909
22.3000 0.9259 1.1281
22.4000 0.8341 0.9674
22.5000 0.7481 1.3052
22.6000 0.6679 0.9854
22.7000 0.5937 0.1543
22.8000 0.5254 0.7024
22.9000 0.4629 0.0114
23.0000 0.4060 0.3230
23.1000 0.3545 0.2335
23.2000 0.3082 0.7333
23.3000 0.2668 0.4531
23.4000 0.2299 0.3852
23.5000 0.1972 0.2039
23.6000 0.1684 0.2799
23.7000 0.1432 0.0185
23.8000 0.1212 0.5079
23.9000 0.1021 -0.1256
24.0000 0.0857 0.1213
24.1000 0.0716 0.2297
24.2000 0.0595 -0.1883
24.3000 0.0493 0.0449
24.4000 0.0406 -0.3083
24.5000 0.0333 0.4078
24.6000 0.0272 0.3867
24.7000 0.0221 -0.2600
24.8000 0.0179 -0.1181
24.9000 0.0145 -0.1929
25.0000 0.0116 -0.0118
25.1000 0.0093 -0.3571
25.2000 0.0074 0.2595
25.3000 0.0058 0.0209
25.4000 0.0046 -0.4116
25.5000 0.0036 -0.0360
25.6000 0.0028 0.1225
25.7000 0.0022 0.1491
25.8000 0.0017 0.4101
25.9000 0.0013 0.3780
26.0000 0.0010 0.3611
26.1000 0.0008 -0.2134
26.2000 0.0006 0.0149
26.3000 0.0004 -0.5114
26.4000 0.0003 0.2031
26.5000 0.0003 -0.5585
26.6000 0.0002 -0.3711
26.7000 0.0001 -0.4986
26.8000 0.0001 0.3534
26.9000 0.0001 0.2651
27.0000 0.0001 0.2696
27.1000 0.0000 -0.1489
27.2000 0.0000 0.8355
27.3000 0.0000 0.3021
27.4000 0.0000 0.2022
27.5000 0.0000 0.0037
27.6000 0.0000 -0.0119
27.7000 0.0000 -0.1132
27.8000 0.0000 0.1552
27.9000 0.0000 0.7085
28.0000 0.0000 -0.2883
28.1000 0.0000 -0.1553
28.2000 0.0000 0.3633
28.3000 0.0000 -0.1391
28.4000 0.0000 -0.0712
28.5000 0.0000 -0.1566
28.6000 0.0000 0.1160
28.7000 0.0000 -0.1379
28.8000 0.0000 0.0289
28.9000 0.0000 -0.2249
29.0000 0.0000 0.3086
29.1000 0.0000 -0.0936
29.2000 0.0000 0.0793
29.3000 0.0000 -0.5035
29.4000 0.0000 0.3286
29.5000 0.0000 0.1641
29.6000 0.0000 0.0139
29.7000 0.0000 -0.2816
29.8000 0.0000 0.3304
29.9000 0.0000 0.0583
30.0000 0.6883 0.6295
30.1000 0.8368 0.8254
30.2000 1.0074 0.6619
30.3000 1.2009 1.5620
30.4000 1.4174 1.2290
30.5000 1.6566 1.5696
30.6000 1.9172 2.4086
30.7000 2.1971 2.7547
30.8000 2.4933 2.6289
30.9000 2.8020 2.3499
31.0000 3.1183 3.2192
31.1000 3.4370 3.5995
31.2000 3.7519 3.6290
31.3000 4.0567 4.4673
31.4000 4.3448 4.4659
31.5000 4.6097 4.9549
31.6000 4.8454 4.6995
31.7000 5.0468 5.0524
31.8000 5.2092 4.9066
31.9000 5.3296 5.4775
32.0000 5.4060 5.7716
32.1000 5.4379 5.4599
32.2000 5.4264 5.4832
32.3000 5.3737 5.6979
32.4000 5.2835 5.1967
32.5000 5.1605 5.0073
32.6000 5.0105 5.2128
32.7000 4.8395 4.3624
32.8000 4.6541 4.8745
32.9000 4.4608 4.3159
33.0000 4.2660 3.7593
33.1000 4.0754 3.9780
33.2000 3.8940 3.8191
33.3000 3.7262 3.2377
33.4000 3.5750 3.6512
33.5000 3.4429 3.1226
33.6000 3.3309 3.9669
33.7000 3.2395 2.9379
33.8000 3.1679 3.2955
33.9000 3.1151 3.4026
34.0000 3.0789 2.9569
34.1000 3.0571 3.4336
34.2000 3.0469 2.9927
34.3000 3.0455 3.0344
34.4000 3.0500 3.1336
34.5000 3.0576 3.0665
34.6000 3.0654 3.2580
34.7000 3.0712 3.1631
34.8000 3.0727 3.3399
34.9000 3.0679 2.7217
35.0000 3.0555 2.5989
35.1000 3.0343 3.1526
35.2000 3.0033 3.0575
35.3000 2.9622 2.4983
35.4000 2.9107 3.0752
35.5000 2.8488 2.4598
35.6000 2.7770 2.7540
35.7000 2.6958 2.3137
35.8000 2.6059 2.7502
35.9000 2.5083 2.6559
36.0000 2.4039 2.2513
36.1000 2.2938 1.9895
36.2000 2.1792 1.8069
36.3000 2.0612 1.9980
36.4000 1.9410 2.0754
36.5000 1.8198 2.0253
36.6000 1.6986 1.4845
36.7000 1.5784 2.0485
36.8000 1.4603 0.8965
36.9000 1.3450 1.4477
37.0000 1.2334 1.1061
37.1000 1.1259 1.1070
37.2000 1.0233 1.0909
37.3000 0.9259 1.1281
37.4000 0.8341 0.9674
37.5000 0.7481 1.3052
37.6000 0.6679 0.9854
37.7000 0.5937 0.1543
37.8000 0.5254 0.7024
37.9000 0.4629 0.0114
38.0000 0.4060 0.3230
38.1000 0.3545 0.2335
38.2000 0.3082 0.7333
38.3000 0.2668 0.4531
38.4000 0.2299 0.3852
38.5000 0.1972 0.2039
38.6000 0.1684 0.2799
38.7000 0.1432 0.0185
38.8000 0.1212 0.5079
38.9000 0.1021 -0.1256
39.0000 0.0857 0.1213
39.1000 0.0716 0.2297
39.2000 0.0595 -0.1883
39.3000 0.0493 0.0449
39.4000 0.0406 -0.3083
39.5000 0.0333 0.4078
39.6000 0.0272 0.3867
39.7000 0.0221 -0.2600
39.8000 0.0179 -0.1181
39.9000 0.0145 -0.1929
40.0000 0.0116 -0.0118
40.1000 0.0093 -0.3571
40.2000 0.0074 0.2595
40.3000 0.0058 0.0209
40.4000 0.0046 -0.4116
40.5000 0.0036 -0.0360
40.6000 0.0028 0.1225
40.7000 0.0022 0.1491
40.8000 0.0017 0.4101
40.9000 0.0013 0.3780
41.0000 0.0010 0.3611
41.1000 0.0008 -0.2134
41.2000 0.0006 0.0149
41.3000 0.0004 -0.5114
41.4000 0.0003 0.2031
41.5000 0.0003 -0.5585
41.6000 0.0002 -0.3711
41.7000 0.0001 -0.4986
41.8000 0.0001 0.3534
41.9000 0.0001 0.2651
42.0000 0.0001 0.2696
42.1000 0.0000 -0.1489
42.2000 0.0000 0.8355
42.3000 0.0000 0.3021
42.4000 0.0000 0.2022
42.5000 0.0000 0.0037
42.6000 0.0000 -0.0119
42.7000 0.0000 -0.1132
42.8000 0.0000 0.1552
42.9000 0.0000 0.7085
43.0000 0.0000 -0.2883
43.1000 0.0000 -0.1553
43.2000 0.0000 0.3633
43.3000 0.0000 -0.1391
43.4000 0.0000 -0.0712
43.5000 0.0000 -0.1566
43.6000 0.0000 0.1160
43.7000 0.0000 -0.1379
43.8000 0.0000 0.0289
43.9000 0.0000 -0.2249
44.0000 0.0000 0.3086
44.1000 0.0000 -0.0936
44.2000 0.0000 0.0793
44.3000 0.0000 -0.5035
44.4000 0.0000 0.3286
44.5000 0.0000 0.1641
44.6000 0.0000 0.0139
44.7000 0.0000 -0.2816
44.8000 0.0000 0.3304
44.9000 0.0000 0.0583
45.0000 0.6883 0.6295
45.1000 0.8368 0.8254
45.2000 1.0074 0.6619
45.3000 1.2009 1.5620
45.4000 1.4174 1.2290
45.5000 1.6566 1.5696
45.6000 1.9172 2.4086
45.7000 2.1971 2.7547
45.8000 2.4933 2.6289
45.9000 2.8020 2.3499
46.0000 3.1183 3.2192
46.1000 3.4370 3.5995
46.2000 3.7519 3.6290
46.3000 4.0567 4.4673
46.4000 4.3448 4.4659
46.5000 4.6097 4.9549
46.6000 4.8454 4.6995
46.7000 5.0468 5.0524
46.8000 5.2092 4.9066
46.9000 5.3296 5.4775
47.0000 5.4060 5.7716
47.1000 5.4379 5.4599
47.2000 5.4264 5.4832
47.3000 5.3737 5.6979
47.4000 5.2835 5.1967
47.5000 5.1605 5.0073
47.6000 5.0105 5.2128
47.7000 4.8395 4.3624
47.8000 4.6541 4.8745
47.9000 4.4608 4.3159
48.0000 4.2660 3.7593
48.1000 4.0754 3.9780
48.2000 3.8940 3.8191
48.3000 3.7262 3.2377
48.4000 3.5750 3.6512
48.5000 3.4429 3.1226
48.6000 3.3309 3.9669
48.7000 3.2395 2.9379
48.8000 3.1679 3.2955
48.9000 3.1151 3.4026
49.0000 3.0789 2.9569
49.1000 3.0571 3.4336
49.2000 3.0469 2.9927
49.3000 3.0455 3.0344
49.4000 3.0500 3.1336
49.5000 3.0576 3.0665
49.6000 3.0654 3.2580
49.7000 3.0712 3.1631
49.8000 3.0727 3.3399
49.9000 3.0679 2.7217
50.0000 3.0555 2.5989
50.1000 3.0343 3.1526
50.2000 3.0033 3.0575
50.3000 2.9622 2.4983
50.4000 2.9107 3.0752
50.5000 2.8488 2.4598
50.6000 2.7770 2.7540
50.7000 2.6958 2.3137
50.8000 2.6059 2.7502
50.9000 2.5083 2.6559
51.0000 2.4039 2.2513
51.1000 2.2938 1.9895
51.2000 2.1792 1.8069
51.3000 2.0612 1.9980
51.4000 1.9410 2.0754
51.5000 1.8198 2.0253
51.6000 1.6986 1.4845
51.7000 1.5784 2.0485
51.8000 1.4603 0.8965
51.9000 1.3450 1.4477
52.0000 1.2334 1.1061
52.1000 1.1259 1.1070
52.2000 1.0233 1.0909
52.3000 0.9259 1.1281
52.4000 0.8341 0.9674
52.5000 0.7481 1.3052
52.6000 0.6679 0.9854
52.7000 0.5937 0.1543
52.8000 0.5254 0.7024
52.9000 0.4629 0.0114
53.0000 0.4060 0.3230
53.1000 0.3545 0.2335
53.2000 0.3082 0.7333
53.3000 0.2668 0.4531
53.4000 0.2299 0.3852
53.5000 0.1972 0.2039
53.6000 0.1684 0.2799
53.7000 0.1432 0.0185
53.8000 0.1212 0.5079
53.9000 0.1021 -0.1256
54.0000 0.0857 0.1213
54.1000 0.0716 0.2297
54.2000 0.0595 -0.1883
54.3000 0.0493 0.0449
54.4000 0.0406 -0.3083
54.5000 0.0333 0.4078
54.6000 0.0272 0.3867
54.7000 0.0221 -0.2600
54.8000 0.0179 -0.1181
54.9000 0.0145 -0.1929
55.0000 0.0116 -0.0118
55.1000 0.0093 -0.3571
55.2000 0.0074 0.2595
55.3000 0.0058 0.0209
55.4000 0.0046 -0.4116
55.5000 0.0036 -0.0360
55.6000 0.0028 0.1225
55.7000 0.0022 0.1491
55.8000 0.0017 0.4101
55.9000 0.0013 0.3780
56.0000 0.0010 0.3611
56.1000 0.0008 -0.2134
56.2000 0.0006 0.0149
56.3000 0.0004 -0.5114
56.4000 0.0003 0.2031
56.5000 0.0003 -0.5585
56.6000 0.0002 -0.3711
56.7000 0.0001 -0.4986
56.8000 0.0001 0.3534
56.9000 0.0001 0.2651
57.0000 0.0001 0.2696
57.1000 0.0000 -0.1489
57.2000 0.0000 0.8355
57.3000 0.0000 0.3021
57.4000 0.0000 0.2022
57.5000 0.0000 0.0037
57.6000 0.0000 -0.0119
57.7000 0.0000 -0.1132
57.8000 0.0000 0.1552
57.9000 0.0000 0.7085
58.0000 0.0000 -0.2883
58.1000 0.0000 -0.1553
58.2000 0.0000 0.3633
58.3000 0.0000 -0.1391
58.4000 0.0000 -0.0712
58.5000 0.0000 -0.1566
58.6000 0.0000 0.1160
58.7000 0.0000 -0.1379
58.8000 0.0000 0.0289
58.9000 0.0000 -0.2249
59.0000 0.0000 0.3086
59.1000 0.0000 -0.0936
59.2000 0.0000 0.0793
59.3000 0.0000 -0.5035
59.4000 0.0000 0.3286
59.5000 0.0000 0.1641
59.6000 0.0000 0.0139
59.7000 0.0000 -0.2816
59.8000 0.0000 0.3304
59.9000 0.0000 0.0583
60.0000 0.6883 0.6295
60.1000 0.8368 0.8254
60.2000 1.0074 0.6619
60.3000 1.2009 1.5620
60.4000 1.4174 1.2290
60.5000 1.6566 1.5696
60.6000 1.9172 2.4086
60.7000 2.1971 2.7547
60.8000 2.4933 2.6289
60.9000 2.8020 2.3499
61.0000 3.1183 3.2192
61.1000 3.4370 3.5995
61.2000 3.7519 3.6290
61.3000 4.0567 4.4673
61.4000 4.3448 4.4659
61.5000 4.6097 4.9549
61.6000 4.8454 4.6995
61.7000 5.0468 5.0524
61.8000 5.2092 4.9066
61.9000 5.3296 5.4775
62.0000 5.4060 5.7716
62.1000 5.4379 5.4599
62.2000 5.4264 5.4832
62.3000 5.3737 5.6979
62.4000 5.2835 5.1967
62.5000 5.1605 5.0073
62.6000 5.0105 5.2128
62.7000 4.8395 4.3624
62.8000 4.6541 4.8745
62.9000 4.4608 4.3159
63.0000 4.2660 3.7593
63.1000 4.0754 3.9780
63.2000 3.8940 3.8191
63.3000 3.7262 3.2377
63.4000 3.5750 3.6512
63.5000 3.4429 3.1226
63.6000 3.3309 3.9669
63.7000 3.2395 2.9379
63.8000 3.1679 3.2955
63.9000 3.1151 3.4026
64.0000 3.0789 2.9569
64.1000 3.0571 3.4336
64.2000 3.0469 2.9927
64.3000 3.0455 3.0344
64.4000 3.0500 3.1336
64.5000 3.0576 3.0665
64.6000 3.0654 3.2580
64.7000 3.0712 3.1631
64.8000 3.0727 3.3399
64.9000 3.0679 2.7217
65.0000 3.0555 2.5989
65.1000 3.0343 3.1526
65.2000 3.0033 3.0575
65.3000 2.9622 2.4983
65.4000 2.9107 3.0752
65.5000 2.8488 2.4598
65.6000 2.7770 2.7540
65.7000 2.6958 2.3137
65.8000 2.6059 2.7502
65.9000 2.5083 2.6559
66.0000 2.4039 2.2513
66.1000 2.2938 1.9895
66.2000 2.1792 1.8069
66.3000 2.0612 1.9980
66.4000 1.9410 2.0754
66.5000 1.8198 2.0253
66.6000 1.6986 1.4845
66.7000 1.5784 2.0485
66.8000 1.4603 0.8965
66.9000 1.3450 1.4477
67.0000 1.2334 1.1061
67.1000 1.1259 1.1070
67.2000 1.0233 1.0909
67.3000 0.9259 1.1281
67.4000 0.8341 0.9674
67.5000 0.7481 1.3052
67.6000 0.6679 0.9854
67.7000 0.5937 0.1543
67.8000 0.5254 0.7024
67.9000 0.4629 0.0114
68.0000 0.4060 0.3230
68.1000 0.3545 0.2335
68.2000 0.3082 0.7333
68.3000 0.2668 0.4531
68.4000 0.2299 0.3852
68.5000 0.1972 0.2039
68.6000 0.1684 0.2799
68.7000 0.1432 0.0185
68.8000 0.1212 0.5079
68.9000 0.1021 -0.1256
69.0000 0.0857 0.1213
69.1000 0.0716 0.2297
69.2000 0.0595 -0.1883
69.3000 0.0493 0.0449
69.4000 0.0406 -0.3083
69.5000 0.0333 0.4078
69.6000 0.0272 0.3867
69.7000 0.0221 -0.2600
69.8000 0.0179 -0.1181
69.9000 0.0145 -0.1929
70.0000 0.0116 -0.0118
70.1000 0.0093 -0.3571
70.2000 0.0074 0.2595
70.3000 0.0058 0.0209
70.4000 0.0046 -0.4116
70.5000 0.0036 -0.0360
70.6000 0.0028 0.1225
70.7000 0.0022 0.1491
70.8000 0.0017 0.4101
70.9000 0.0013 0.3780
71.0000 0.0010 0.3611
71.1000 0.0008 -0.2134
71.2000 0.0006 0.0149
71.3000 0.0004 -0.5114
71.4000 0.0003 0.2031
71.5000 0.0003 -0.5585
71.6000 0.0002 -0.3711
71.7000 0.0001 -0.4986
71.8000 0.0001 0.3534
71.9000 0.0001 0.2651
72.0000 0.0001 0.2696
72.1000 0.0000 -0.1489
72.2000 0.0000 0.8355
72.3000 0.0000 0.3021
72.4000 0.0000 0.2022
72.5000 0.0000 0.0037
72.6000 0.0000 -0.0119
72.7000 0.0000 -0.1132
72.8000 0.0000 0.1552
72.9000 0.0000 0.7085
73.0000 0.0000 -0.2883
73.1000 0.0000 -0.1553
73.2000 0.0000 0.3633
73.3000 0.0000 -0.1391
73.4000 0.0000 -0.0712
73.5000 0.0000 -0.1566
73.6000 0.0000 0.1160
73.7000 0.0000 -0.1379
73.8000 0.0000 0.0289
73.9000 0.0000 -0.2249
74.0000 0.0000 0.3086
74.1000 0.0000 -0.0936
74.2000 0.0000 0.0793
74.3000 0.0000 -0.5035
74.4000 0.0000 0.3286
74.5000 0.0000 0.1641
74.6000 0.0000 0.0139
74.7000 0.0000 -0.2816
74.8000 0.0000 0.3304
74.9000 0.0000 0.0583
75.0000 0.6883 0.6295
75.1000 0.8368 0.8254
75.2000 1.0074 0.6619
75.3000 1.2009 1.5620
75.4000 1.4174 1.2290
75.5000 1.6566 1.5696
75.6000 1.9172 2.4086
75.7000 2.1971 2.7547
75.8000 2.4933 2.6289
75.9000 2.8020 2.3499
76.0000 3.1183 3.2192
76.1000 3.4370 3.5995
76.2000 3.7519 3.6290
76.3000 4.0567 4.4673
76.4000 4.3448 4.4659
76.5000 4.6097 4.9549
76.6000 4.8454 4.6995
76.7000 5.0468 5.0524
76.8000 5.2092 4.9066
76.9000 5.3296 5.4775
77.0000 5.4060 5.7716
77.1000 5.4379 5.4599
77.2000 5.4264 5.4832
77.3000 5.3737 5.6979
77.4000 5.2835 5.1967
77.5000 5.1605 5.0073
77.6000 5.0105 5.2128
77.7000 4.8395 4.3624
77.8000 4.6541 4.8745
77.9000 4.4608 4.3159
78.0000 4.2660 3.7593
78.1000 4.0754 3.9780
78.2000 3.8940 3.8191
78.3000 3.7262 3.2377
78.4000 3.5750 3.6512
78.5000 3.4429 3.1226
78.6000 3.3309 3.9669
78.7000 3.2395 2.9379
78.8000 3.1679 3.2955
78.9000 3.1151 3.4026
79.0000 3.0789 2.9569
79.1000 3.0571 3.4336
79.2000 3.0469 2.9927
79.3000 3.0455 3.0344
79.4000 3.0500 3.1336
79.5000 3.0576 3.0665
79.6000 3.0654 3.2580
79.7000 3.0712 3.1631
79.8000 3.0727 3.3399
79.9000 3.0679 2.7217
80.0000 3.0555 2.5989
80.1000 3.0343 3.1526
80.2000 3.0033 3.0575
80.3000 2.9622 2.4983
80.4000 2.9107 3.0752
80.5000 2.8488 2.4598
80.6000 2.7770 2.7540
80.7000 2.6958 2.3137
80.8000 2.6059 2.7502
80.9000 2.5083 2.6559
81.0000 2.4039 2.2513
81.1000 2.2938 1.9895
81.2000 2.1792 1.8069
81.3000 2.0612 1.9980
81.4000 1.9410 2.0754
81.5000 1.8198 2.0253
81.6000 1.6986 1.4845
81.7000 1.5784 2.0485
81.8000 1.4603 0.8965
81.9000 1.3450 1.4477
82.0000 1.2334 1.1061
82.1000 1.1259 1.1070
82.2000 1.0233 1.0909
82.3000 0.9259 1.1281
82.4000 0.8341 0.9674
82.5000 0.7481 1.3052
82.6000 0.6679 0.9854
82.7000 0.5937 0.1543
82.8000 0.5254 0.7024
82.9000 0.4629 0.0114
83.0000 0.4060 0.3230
83.1000 0.3545 0.2335
83.2000 0.3082 0.7333
83.3000 0.2668 0.4531
83.4000 0.2299 0.3852
83.5000 0.1972 0.2039
83.6000 0.1684 0.2799
83.7000 0.1432 0.0185
83.8000 0.1212 0.5079
83.9000 0.1021 -0.1256
84.0000 0.0857 0.1213
84.1000 0.0716 0.2297
84.2000 0.0595 -0.1883
84.3000 0.0493 0.0449
84.4000 0.0406 -0.3083
84.5000 0.0333 0.4078
84.6000 0.0272 0.3867
84.7000 0.0221 -0.2600
84.8000 0.0179 -0.1181
84.9000 0.0145 -0.1929
85.0000 0.0116 -0.0118
85.1000 0.0093 -0.3571
85.2000 0.0074 0.2595
85.3000 0.0058 0.0209
85.4000 0.0046 -0.4116
85.5000 0.0036 -0.0360
85.6000 0.0028 0.1225
85.7000 0.0022 0.1491
85.8000 0.0017 0.4101
85.9000 0.0013 0.3780
86.0000 0.0010 0.3611
86.1000 0.0008 -0.2134
86.2000 0.0006 0.0149
86.3000 0.0004 -0.5114
86.4000 0.0003 0.2031
86.5000 0.0003 -0.5585
86.6000 0.0002 -0.3711
86.7000 0.0001 -0.4986
86.8000 0.0001 0.3534
86.9000 0.0001 0.2651
87.0000 0.0001 0.2696
87.1000 0.0000 -0.1489
87.2000 0.0000 0.8355
87.3000 0.0000 0.3021
87.4000 0.0000 0.2022
87.5000 0.0000 0.0037
87.6000 0.0000 -0.0119
87.7000 0.0000 -0.1132
87.8000 0.0000 0.1552
87.9000 0.0000 0.7085
88.0000 0.0000 -0.2883
88.1000 0.0000 -0.1553
88.2000 0.0000 0.3633
88.3000 0.0000 -0.1391
88.4000 0.0000 -0.0712
88.5000 0.0000 -0.1566
88.6000 0.0000 0.1160
88.7000 0.0000 -0.1379
88.8000 0.0000 0.0289
88.9000 0.0000 -0.2249
89.0000 0.0000 0.3086
89.1000 0.0000 -0.0936
89.2000 0.0000 0.0793
89.3000 0.0000 -0.5035
89.4000 0.0000 0.3286
89.5000 0.0000 0.1641
89.6000 0.0000 0.0139
89.7000 0.0000 -0.2816
89.8000 0.0000 0.3304
89.9000 0.0000 0.0583
90.0000 0.6883 0.6295
90.1000 0.8368 0.8254
90.2000 1.0074 0.6619
90.3000 1.2009 1.5620
90.4000 1.4174 1.2290
90.5000 1.6566 1.5696
90.6000 1.9172 2.4086
90.7000 2.1971 2.7547
90.8000 2.4933 2.6289
90.9000 2.8020 2.3499
91.0000 3.1183 3.2192
91.1000 3.4370 3.5995
91.2000 3.7519 3.6290
91.3000 4.0567 4.4673
91.4000 4.3448 4.4659
91.5000 4.6097 4.9549
91.6000 4.8454 4.6995
91.7000 5.0468 5.0524
91.8000 5.2092 4.9066
91.9000 5.3296 5.4775
92.0000 5.4060 5.7716
92.1000 5.4379 5.4599
92.2000 5.4264 5.4832
92.3000 5.3737 5.6979
92.4000 5.2835 5.1967
92.5000 5.1605 5.0073
92.6000 5.0105 5.2128
92.7000 4.8395 4.3624
92.8000 4.6541 4.8745
92.9000 4.4608 4.3159
93.0000 4.2660 3.7593
93.1000 4.0754 3.9780
93.2000 3.8940 3.8191
93.3000 3.7262 3.2377
93.4000 3.5750 3.6512
93.5000 3.4429 3.1226
93.6000 3.3309 3.9669
93.7000 3.2395 2.9379
93.8000 3.1679 3.2955
93.9000 3.1151 3.4026
94.0000 3.0789 2.9569
94.1000 3.0571 3.4336
94.2000 3.0469 2.9927
94.3000 3.0455 3.0344
94.4000 3.0500 3.1336
94.5000 3.0576 3.0665
94.6000 3.0654 3.2580
94.7000 3.0712 3.1631
94.8000 3.0727 3.3399
94.9000 3.0679 2.7217
95.0000 3.0555 2.5989
95.1000 3.0343 3.1526
95.2000 3.0033 3.0575
95.3000 2.9622 2.4983
95.4000 2.9107 3.0752
95.5000 2.8488 2.4598
95.6000 2.7770 2.7540
95.7000 2.6958 2.3137
95.8000 2.6059 2.7502
95.9000 2.5083 2.6559
96.0000 2.4039 2.2513
96.1000 2.2938 1.9895
96.2000 2.1792 1.8069
96.3000 2.0612 1.9980
96.4000 1.9410 2.0754
96.5000 1.8198 2.0253
96.6000 1.6986 1.4845
96.7000 1.5784 2.0485
96.8000 1.4603 0.8965
96.9000 1.3450 1.4477
97.0000 1.2334 1.1061
97.1000 1.1259 1.1070
97.2000 1.0233 1.0909
97.3000 0.9259 1.1281
97.4000 0.8341 0.9674
97.5000 0.7481 1.3052
97.6000 0.6679 0.9854
97.7000 0.5937 0.1543
97.8000 0.5254 0.7024
97.9000 0.4629 0.0114
98.0000 0.4060 0.3230
98.1000 0.3545 0.2335
98.2000 0.3082 0.7333
98.3000 0.2668 0.4531
98.4000 0.2299 0.3852
98.5000 0.1972 0.2039
98.6000 0.1684 0.2799
98.7000 0.1432 0.0185
98.8000 0.1212 0.5079
98.9000 0.1021 -0.1256
99.0000 0.0857 0.1213
99.1000 0.0716 0.2297
99.2000 0.0595 -0.1883
99.3000 0.0493 0.0449
99.4000 0.0406 -0.3083
99.5000 0.0333 0.4078
99.6000 0.0272 0.3867
99.7000 0.0221 -0.2600
99.8000 0.0179 -0.1181
99.9000 0.0145 -0.1929
100.0000 0.0116 -0.0118
100.1000 0.0093 -0.3571
100.2000 0.0074 0.2595
100.3000 0.0058 0.0209
100.4000 0.0046 -0.4116
100.5000 0.0036 -0.0360
100.6000 0.0028 0.1225
100.7000 0.0022 0.1491
100.8000 0.0017 0.4101
100.9000 0.0013 0.3780
101.0000 0.0010 0.3611
101.1000 0.0008 -0.2134
101.2000 0.0006 0.0149
101.3000 0.0004 -0.5114
101.4000 0.0003 0.2031
101.5000 0.0003 -0.5585
101.6000 0.0002 -0.3711
101.7000 0.0001 -0.4986
101.8000 0.0001 0.3534
101.9000 0.0001 0.2651
102.0000 0.0001 0.2696
102.1000 0.0000 -0.1489
102.2000 0.0000 0.8355
102.3000 0.0000 0.3021
102.4000 0.0000 0.2022
102.5000 0.0000 0.0037
102.6000 0.0000 -0.0119
102.7000 0.0000 -0.1132
102.8000 0.0000 0.1552
102.9000 0.0000 0.7085
103.0000 0.0000 -0.2883
103.1000 0.0000 -0.1553
103.2000 0.0000 0.3633
103.3000 0.0000 -0.1391
103.4000 0.0000 -0.0712
103.5000 0.0000 -0.1566
103.6000 0.0000 0.1160
103.7000 0.0000 -0.1379
103.8000 0.0000 0.0289
103.9000 0.0000 -0.2249
104.0000 0.0000 0.3086
104.1000 0.0000 -0.0936
104.2000 0.0000 0.0793
104.3000 0.0000 -0.5035
104.4000 0.0000 0.3286
104.5000 0.0000 0.1641
104.6000 0.0000 0.0139
104.7000 0.0000 -0.2816
104.8000 0.0000 0.3304
104.9000 0.0000 0.0583
105.0000 0.6883 0.6295
105.1000 0.8368 0.8254
105.2000 1.0074 0.6619
105.3000 1.2009 1.5620
105.4000 1.4174 1.2290
105.5000 1.6566 1.5696
105.6000 1.9172 2.4086
105.7000 2.1971 2.7547
105.8000 2.4933 2.6289
105.9000 2.8020 2.3499
106.0000 3.1183 3.2192
106.1000 3.4370 3.5995
106.2000 3.7519 3.6290
106.3000 4.0567 4.4673
106.4000 4.3448 4.4659
106.5000 4.6097 4.9549
106.6000 4.8454 4.6995
106.7000 5.0468 5.0524
106.8000 5.2092 4.9066
106.9000 5.3296 5.4775
107.0000 5.4060 5.7716
107.1000 5.4379 5.4599
107.2000 5.4264 5.4832
107.3000 5.3737 5.6979
107.4000 5.2835 5.1967
107.5000 5.1605 5.0073
107.6000 5.0105 5.2128
107.7000 4.8395 4.3624
107.8000 4.6541 4.8745
107.9000 4.4608 4.3159
108.0000 4.2660 3.7593
108.1000 4.0754 3.9780
108.2000 3.8940 3.8191
108.3000 3.7262 3.2377
108.4000 3.5750 3.6512
108.5000 3.4429 3.1226
108.6000 3.3309 3.9669
108.7000 3.2395 2.9379
108.8000 3.1679 3.2955
108.9000 3.1151 3.4026
109.0000 3.0789 2.9569
109.1000 3.0571 3.4336
109.2000 3.0469 2.9927
109.3000 3.0455 3.0344
109.4000 3.0500 3.1336
109.5000 3.0576 3.0665
109.6000 3.0654 3.2580
109.7000 3.0712 3.1631
109.8000 3.0727 3.3399
109.9000 3.0679 2.7217
110.0000 3.0555 2.5989
110.1000 3.0343 3.1526
110.2000 3.0033 3.0575
110.3000 2.9622 2.4983
110.4000 2.9107 3.0752
110.5000 2.8488 2.4598
110.6000 2.7770 2.7540
110.7000 2.6958 2.3137
110.8000 2.6059 2.7502
110.9000 2.5083 2.6559
111.0000 2.4039 2.2513
111.1000 2.2938 1.9895
111.2000 2.1792 1.8069
111.3000 2.0612 1.9980
111.4000 1.9410 2.0754
111.5000 1.8198 2.0253
111.6000 1.6986 1.4845
111.7000 1.5784 2.0485
111.8000 1.4603 0.8965
111.9000 1.3450 1.4477
112.0000 1.2334 1.1061
112.1000 1.1259 1.1070
112.2000 1.0233 1.0909
112.3000 0.9259 1.1281
112.4000 0.8341 0.9674
112.5000 0.7481 1.3052
112.6000 0.6679 0.9854
112.7000 0.5937 0.1543
112.8000 0.5254 0.7024
112.9000 0.4629 0.0114
113.0000 0.4060 0.3230
113.1000 0.3545 0.2335
113.2000 0.3082 0.7333
113.3000 0.2668 0.4531
113.4000 0.2299 0.3852
113.5000 0.1972 0.2039
113.6000 0.1684 0.2799
113.7000 0.1432 0.0185
113.8000 0.1212 0.5079
113.9000 0.1021 -0.1256
114.0000 0.0857 0.1213
114.1000 0.0716 0.2297
114.2000 0.0595 -0.1883
114.3000 0.0493 0.0449
114.4000 0.0406 -0.3083
114.5000 0.0333 0.4078
114.6000 0.0272 0.3867
114.7000 0.0221 -0.2600
114.8000 0.0179 -0.1181
114.9000 0.0145 -0.1929
115.0000 0.0116 -0.0118
115.1000 0.0093 -0.3571
115.2000 0.0074 0.2595
115.3000 0.0058 0.0209
115.4000 0.0046 -0.4116
115.5000 0.0036 -0.0360
115.6000 0.0028 0.1225
115.7000 0.0022 0.1491
115.8000 0.0017 0.4101
115.9000 0.0013 0.3780
116.0000 0.0010 0.3611
116.1000 0.0008 -0.2134
116.2000 0.0006 0.0149
116.3000 0.0004 -0.5114
116.4000 0.0003 0.2031
116.5000 0.0003 -0.5585
116.6000 0.0002 -0.3711
116.7000 0.0001 -0.4986
116.8000 0.0001 0.3534
116.9000 0.0001 0.2651
117.0000 0.0001 0.2696
117.1000 0.0000 -0.1489
117.2000 0.0000 0.8355
117.3000 0.0000 0.3021
117.4000 0.0000 0.2022
117.5000 0.0000 0.0037
117.6000 0.0000 -0.0119
117.7000 0.0000 -0.1132
117.8000 0.0000 0.1552
117.9000 0.0000 0.7085
118.0000 0.0000 -0.2883
118.1000 0.0000 -0.1553
118.2000 0.0000 0.3633
118.3000 0.0000 -0.1391
118.4000 0.0000 -0.0712
118.5000 0.0000 -0.1566
118.6000 0.0000 0.1160
118.7000 0.0000 -0.1379
118.8000 0.0000 0.0289
118.9000 0.0000 -0.2249
119.0000 0.0000 0.3086
119.1000 0.0000 -0.0936
119.2000 0.0000 0.0793
119.3000 0.0000 -0.5035
119.4000 0.0000 0.3286
119.5000 0.0000 0.1641
119.6000 0.0000 0.0139
119.7000 0.0000 -0.2816
119.8000 0.0000 0.3304
119.9000 0.0000 0.0583
120.0000 0.0000 0.0000
