# time [s], signal A [arb], signal B [arb]
0.0000 0.8569 0.9148
0.1000 0.8552 1.6747
0.2000 0.5145 0.7376
0.3000 -0.3177 0.2008
0.4000 0.6916 0.4145
0.5000 -0.1399 1.0236
0.6000 -0.0604 -0.1333
0.7000 0.2915 1.1097
0.8000 -0.3642 0.8130
0.9000 2.0379 0.7938
1.0000 0.5701 0.3600
1.1000 2.5107 0.7632
1.2000 -0.1385 0.6637
1.3000 3.9044 -0.2587
1.4000 1.1905 1.1965
1.5000 1.8610 0.8824
1.6000 1.7248 0.8231
1.7000 3.0205 0.7134
1.8000 3.2069 -0.1590
1.9000 2.8085 0.8122
2.0000 2.7058 1.0374
2.1000 0.9393 -0.3434
2.2000 1.7517 0.3309
2.3000 2.1276 0.6217
2.4000 2.5977 -0.2661
2.5000 2.8120 -0.2409
2.6000 3.9747 1.1477
2.7000 1.2284 1.1566
2.8000 2.2495 1.3483
2.9000 2.5962 0.7966
3.0000 3.6235 -0.8346
3.1000 2.9994 1.9211
3.2000 4.5328 0.4240
3.3000 2.3284 0.3390
3.4000 3.6082 0.1457
3.5000 2.2999 0.2617
3.6000 2.3982 1.3624
3.7000 5.1691 0.1555
3.8000 4.0265 0.3472
3.9000 3.2267 0.5052
4.0000 3.1051 0.1052
4.1000 2.1220 0.3210
4.2000 4.7863 -0.7703
4.3000 3.6472 0.3126
4.4000 1.8819 0.5401
4.5000 3.1058 0.9928
4.6000 3.4671 0.1518
4.7000 3.8216 -1.4433
4.8000 5.6174 -0.0686
4.9000 2.5974 -0.5604
5.0000 1.9688 -0.1061
5.1000 3.1064 -0.4764
5.2000 1.4108 -0.3052
5.3000 3.9660 -1.0816
5.4000 2.5743 -0.7641
5.5000 3.6002 -1.8640
5.6000 2.1743 -0.6034
5.7000 3.0627 0.3412
5.8000 5.3022 -1.0041
5.9000 3.4049 -0.1727
6.0000 2.6222 -0.6138
6.1000 2.8286 -0.4040
6.2000 4.0471 -0.0510
6.3000 4.5155 -1.0410
6.4000 3.3936 -1.3846
6.5000 4.0022 -1.0556
6.6000 4.9390 -0.9675
6.7000 2.6616 -1.9155
6.8000 3.1107 -0.1177
6.9000 3.0270 -1.2447
7.0000 3.7200 -0.8139
7.1000 2.6745 -1.1731
7.2000 3.9072 -1.0762
7.3000 3.5035 -0.3972
7.4000 3.5298 -1.0761
7.5000 1.8098 -0.8035
7.6000 3.3339 -1.2240
7.7000 3.7018 -0.2450
7.8000 3.5547 -1.0965
7.9000 4.1021 -1.0186
8.0000 0.1630 -0.4725
8.1000 3.6358 -0.9404
8.2000 2.2633 -0.6332
8.3000 2.5915 -2.1941
8.4000 2.5736 -0.7027
8.5000 2.2853 -1.0502
8.6000 2.1957 -1.5200
8.7000 0.9732 -0.7527
8.8000 0.7447 -1.4855
8.9000 2.3690 -0.8299
9.0000 2.1010 -0.4161
9.1000 0.0063 -0.6825
9.2000 1.3231 0.4297
9.3000 0.5566 -1.0807
9.4000 0.3291 -0.5887
9.5000 -0.0221 -0.9666
9.6000 1.6479 -1.5909
9.7000 2.3719 -0.8463
9.8000 0.5473 -0.4157
9.9000 0.1773 -1.1983
10.0000 0.2682 -1.1813
10.1000 1.9946 -1.9554
10.2000 0.2843 -0.9845
10.3000 0.1817 -1.0158
10.4000 -1.1516 -0.1686
10.5000 -0.3467 -1.0954
10.6000 0.0782 -0.4327
10.7000 -1.4933 -0.5868
10.8000 -0.3457 -1.3307
10.9000 -0.7164 -0.2095
11.0000 -1.8250 -1.1933
11.1000 -1.8140 -0.6591
11.2000 -0.6069 -1.2123
11.3000 -0.8770 -0.7149
11.4000 -2.4742 -0.2891
11.5000 -1.6345 -0.6803
11.6000 -0.7755 0.2760
11.7000 -2.7833 -0.9006
11.8000 -2.1245 -0.1995
11.9000 -1.1848 -1.2741
12.0000 -0.7001 0.2223
12.1000 -3.1775 -0.9001
12.2000 -2.1452 -0.1925
12.3000 -2.6273 0.1670
12.4000 -2.0710 -0.4053
12.5000 -3.6103 0.5087
12.6000 -2.6181 -0.3586
12.7000 -1.4450 -0.2907
12.8000 -2.3188 -1.1021
12.9000 -2.1267 0.1552
13.0000 -2.8067 -0.1391
13.1000 -2.3913 -0.8881
13.2000 -4.0006 -0.8449
13.3000 -3.2339 0.1222
13.4000 -2.9844 0.3408
13.5000 -3.7010 0.1484
13.6000 -3.6468 -0.0005
13.7000 -4.4430 -0.4954
13.8000 -2.9762 -0.3746
13.9000 -3.3260 -0.0687
14.0000 -4.8985 0.9112
14.1000 -3.4375 0.2296
14.2000 -2.4817 0.3541
14.3000 -4.0842 -0.4744
14.4000 -6.1006 0.1580
14.5000 -4.7234 -0.6356
14.6000 -4.5953 -0.1503
14.7000 -3.0682 0.0027
14.8000 -3.7106 0.1275
14.9000 -3.7452 -0.0347
15.0000 -4.4407 -0.6917
15.1000 -5.0363 -0.2658
15.2000 -2.9122 -0.2046
15.3000 -1.8344 0.4643
15.4000 -4.2044 -0.2614
15.5000 -5.4714 0.6996
15.6000 -4.0885 1.3739
15.7000 -4.0224 0.3490
15.8000 -2.6991 0.5579
15.9000 -4.2587 -1.0919
16.0000 -4.8068 0.0749
16.1000 -1.8358 0.6610
16.2000 -4.8349 1.5830
16.3000 -5.8275 -0.2057
16.4000 -4.1534 1.3398
16.5000 -5.7122 0.1538
16.6000 -3.5467 1.0274
16.7000 -2.9990 0.5507
16.8000 -5.8510 1.2840
16.9000 -5.0041 0.8306
17.0000 -3.8976 0.9016
17.1000 -4.3284 0.7747
17.2000 -4.9827 0.8700
17.3000 -2.9482 0.3235
17.4000 -4.2505 1.2591
17.5000 -3.2467 0.7779
17.6000 -3.1558 1.3071
17.7000 -3.8990 0.8563
17.8000 -3.7106 0.7272
17.9000 -4.8275 0.9394
18.0000 -3.1648 1.1753
18.1000 -4.0860 1.8478
18.2000 -4.1797 1.4323
18.3000 -2.5868 0.9972
18.4000 -3.6508 0.4426
18.5000 -3.3029 0.9274
18.6000 -4.0882 0.0702
18.7000 -2.6054 0.8101
18.8000 -1.7955 1.7882
18.9000 -1.8644 1.9187
19.0000 -0.9567 0.8190
19.1000 -3.4734 1.4700
19.2000 -2.7779 1.8389
19.3000 -0.9056 0.4669
19.4000 -1.1599 0.1469
19.5000 -2.2990 1.9786
19.6000 -1.6325 0.9177
19.7000 -0.5175 0.9537
19.8000 -0.7921 1.3948
19.9000 -1.5533 1.4999
20.0000 -0.3961 1.2229
20.1000 -1.2469 2.0463
20.2000 -2.4530 1.8792
20.3000 -0.0504 0.9923
20.4000 -1.3131 0.0933
20.5000 -1.4481 0.5033
20.6000 -1.9867 0.9234
20.7000 0.1604 0.0925
20.8000 -0.5170 0.0597
20.9000 0.2323 0.8418
21.0000 0.1741 1.2675
21.1000 -0.6335 0.7743
21.2000 0.3647 0.8355
21.3000 1.4576 1.1378
21.4000 0.5205 1.2588
21.5000 1.2711 0.9382
21.6000 -0.6367 0.2313
21.7000 1.3233 0.8579
21.8000 1.6867 0.9779
21.9000 0.5015 0.8582
22.0000 0.8622 1.2806
22.1000 3.1859 1.6745
22.2000 -0.1564 0.9322
22.3000 0.8268 0.9532
22.4000 -0.6265 0.7239
22.5000 2.4513 -0.9827
22.6000 0.4660 0.9269
22.7000 2.8214 1.1744
22.8000 2.5709 0.9741
22.9000 1.1917 1.2522
23.0000 1.5078 0.6844
23.1000 1.6901 0.3448
23.2000 3.5535 1.3257
23.3000 1.1858 -0.3961
23.4000 2.1640 -0.0852
23.5000 4.1868 0.5091
23.6000 3.7760 0.1447
23.7000 4.9631 0.8820
23.8000 2.2437 0.0559
23.9000 2.8172 0.4052
24.0000 2.7379 -0.0671
24.1000 2.8764 0.6158
24.2000 2.9116 0.0460
24.3000 4.7364 -0.0150
24.4000 4.2912 1.2805
24.5000 3.4408 0.0798
24.6000 4.7033 -0.2733
24.7000 4.2817 0.8031
24.8000 3.6577 -0.0409
24.9000 3.7694 0.0580
25.0000 3.6425 -0.6717
25.1000 5.3188 -0.3622
25.2000 4.3117 0.4254
25.3000 4.0785 -0.0554
25.4000 3.9995 -0.0106
25.5000 5.0438 -0.3687
25.6000 4.2075 -0.5263
25.7000 2.7289 -0.3525
25.8000 6.1697 -0.4801
25.9000 4.7328 -0.4732
26.0000 3.8340 -0.6439
26.1000 2.9347 -0.5102
26.2000 4.2545 -0.0296
26.3000 4.4148 -0.7939
26.4000 4.3116 -0.4806
26.5000 4.7117 -0.1760
26.6000 4.9283 -0.0617
26.7000 3.6612 -0.1893
26.8000 3.8758 -0.4824
26.9000 4.3592 0.0431
27.0000 3.6343 -0.8097
27.1000 1.6993 0.3178
27.2000 4.5136 -0.5352
27.3000 3.0629 -0.5372
27.4000 4.1624 0.0892
27.5000 3.6425 -0.4616
27.6000 4.8006 -0.0517
27.7000 4.9136 -1.1794
27.8000 1.8633 -0.6804
27.9000 3.1971 -1.2665
28.0000 2.8724 -0.1850
28.1000 4.2887 -0.7059
28.2000 2.1121 -0.5634
28.3000 4.2719 -0.4551
28.4000 3.2892 -0.8507
28.5000 4.5147 -1.1253
28.6000 2.3071 -0.4588
28.7000 3.4150 -0.5718
28.8000 3.6991 0.1120
28.9000 1.0649 -1.4449
29.0000 3.3193 0.0274
29.1000 1.9066 -1.0790
29.2000 3.6496 -0.2384
29.3000 5.2032 -0.6587
29.4000 1.4215 -2.0093
29.5000 2.4503 -1.8951
29.6000 2.0552 -0.6523
29.7000 2.1275 -2.1208
29.8000 3.2766 -0.5860
29.9000 2.8302 -1.2511
30.0000 2.1757 -0.5259
30.1000 2.0037 -0.1770
30.2000 1.0904 -1.1230
30.3000 3.6074 -0.6740
30.4000 -0.3489 -1.6229
30.5000 0.8359 -0.7588
30.6000 0.1259 -0.7556
30.7000 0.1258 -0.7774
30.8000 1.1212 -0.3575
30.9000 0.1128 -1.2035
31.0000 0.5503 -1.5991
31.1000 0.3930 -1.3589
31.2000 2.2773 -0.9465
31.3000 -0.0688 -0.8920
31.4000 -0.1330 -0.3944
31.5000 0.7397 -0.8269
31.6000 2.0016 -1.6852
31.7000 -1.0258 -0.5086
31.8000 -0.3465 -0.4499
31.9000 0.0589 -0.8658
32.0000 0.6689 -0.5763
32.1000 0.4623 -0.7208
32.2000 -0.3985 -0.0941
32.3000 -0.7375 -0.5046
32.4000 -0.6664 -0.1867
32.5000 -1.4954 0.2497
32.6000 -3.3485 -0.8419
32.7000 -1.5001 -1.0018
32.8000 -1.3190 -0.3389
32.9000 -1.8510 -1.0147
33.0000 -3.5891 -0.1888
33.1000 -1.7445 -1.1613
33.2000 -2.9054 0.3488
33.3000 -2.2096 -1.4488
33.4000 -3.3096 -0.7720
33.5000 -4.3324 -0.5188
33.6000 -0.5982 -0.3982
33.7000 -2.6378 -0.7205
33.8000 -3.7713 -0.2591
33.9000 -2.8257 -0.6242
34.0000 -3.0275 0.1560
34.1000 -3.4216 -0.7600
34.2000 -3.4616 -0.1577
34.3000 -1.9610 -0.0742
34.4000 -2.7907 -0.8725
34.5000 -3.5933 -0.1309
34.6000 -3.8092 -0.2128
34.7000 -2.7497 -0.4501
34.8000 -2.8094 0.0299
34.9000 -2.1017 -0.3296
35.0000 -3.6258 -0.2390
35.1000 -5.8961 0.0137
35.2000 -3.3513 -0.4387
35.3000 -3.5802 1.0585
35.4000 -3.8842 -0.0175
35.5000 -5.0522 -0.1926
35.6000 -4.2026 0.0028
35.7000 -1.2575 0.8600
35.8000 -2.9040 0.3409
35.9000 -4.3103 0.5586
36.0000 -5.2641 1.0082
36.1000 -3.5923 0.3330
36.2000 -3.5812 -0.6661
36.3000 -4.3924 0.5023
36.4000 -2.5029 1.3032
36.5000 -6.0211 0.3537
36.6000 -5.0692 0.1168
36.7000 -4.3396 -0.3207
36.8000 -3.5334 0.6274
36.9000 -3.9285 0.1533
37.0000 -2.9961 1.1930
37.1000 -5.1787 -0.0324
37.2000 -4.2883 0.7367
37.3000 -3.9665 0.2537
37.4000 -3.7474 -0.0847
37.5000 -3.6083 0.9836
37.6000 -4.0320 0.9055
37.7000 -4.1422 0.6114
37.8000 -2.7091 0.5455
37.9000 -3.3608 0.2160
38.0000 -4.8732 0.4640
38.1000 -3.7078 0.8179
38.2000 -4.4017 -0.3159
38.3000 -1.8897 0.9969
38.4000 -4.7464 0.4690
38.5000 -2.4137 0.6555
38.6000 -4.3871 1.3255
38.7000 -5.1411 0.4166
38.8000 -4.4581 0.2852
38.9000 -4.2464 0.8546
39.0000 -3.0266 0.6276
39.1000 -2.0589 0.2129
39.2000 -3.3609 1.2844
39.3000 -0.5948 1.4497
39.4000 -3.6173 0.6012
39.5000 -1.6171 0.4660
39.6000 -2.6467 1.2880
39.7000 -2.1958 1.7619
39.8000 -2.8046 0.0111
39.9000 -2.8800 0.6810
40.0000 -3.6500 0.8140
40.1000 -2.7781 0.2991
40.2000 -2.7519 1.2531
40.3000 -0.4659 1.4590
40.4000 -3.0581 1.2429
40.5000 -1.3584 0.3441
40.6000 -2.0466 1.7149
40.7000 -1.2934 0.9326
40.8000 -1.0278 0.4476
40.9000 -1.8912 0.5555
41.0000 -0.0388 0.9406
41.1000 0.8921 1.3571
41.2000 -2.1625 0.0250
41.3000 -1.8960 0.4492
41.4000 0.3630 1.1930
41.5000 0.2709 1.7354
41.6000 -1.2744 0.2586
41.7000 -0.2263 0.5220
41.8000 -2.3908 1.6555
41.9000 -1.6172 1.3097
42.0000 0.4495 0.9094
42.1000 -1.1302 1.2363
42.2000 -0.3245 0.3768
42.3000 1.3875 1.7620
42.4000 0.2868 0.6789
42.5000 3.1493 1.5021
42.6000 1.6975 0.2728
42.7000 0.9181 0.5019
42.8000 0.6716 0.3302
42.9000 2.7621 -0.4545
43.0000 0.1276 0.4329
43.1000 2.9521 0.6278
43.2000 1.4669 -0.0957
43.3000 3.1543 0.9194
43.4000 0.1488 -0.0386
43.5000 1.4921 1.0457
43.6000 1.2165 0.5856
43.7000 2.4647 0.7393
43.8000 1.1943 0.3834
43.9000 2.3323 0.0102
44.0000 1.5032 0.5828
44.1000 2.3438 1.0073
44.2000 2.6642 0.1803
44.3000 2.4804 -0.0017
44.4000 3.9118 0.5589
44.5000 4.1024 0.6107
44.6000 2.2981 0.3222
44.7000 1.2745 0.7708
44.8000 3.8030 0.2801
44.9000 3.8408 0.2207
45.0000 1.0553 -0.1398
45.1000 3.6586 0.1286
45.2000 2.9599 -0.8044
45.3000 3.9405 0.1560
45.4000 4.1336 0.8379
45.5000 2.8124 -0.2342
45.6000 2.5084 -0.7170
45.7000 4.0116 0.2358
45.8000 2.9189 -0.2846
45.9000 4.8738 -0.2027
46.0000 2.1903 -0.6021
46.1000 2.0864 0.0771
46.2000 4.0426 -0.6101
46.3000 3.7070 0.3583
46.4000 2.0938 -0.0083
46.5000 2.2150 0.1317
46.6000 2.6531 0.1165
46.7000 2.0990 -0.3755
46.8000 4.1392 0.2960
46.9000 4.8174 0.1710
47.0000 5.0367 -0.7065
47.1000 4.5184 -0.9735
47.2000 4.6966 -1.9817
47.3000 4.1298 0.4481
47.4000 7.2378 -0.2209
47.5000 3.9281 -0.2792
47.6000 3.0952 -0.9214
47.7000 5.0919 -0.9500
47.8000 2.5559 -1.0427
47.9000 2.7465 -1.0770
48.0000 4.7858 -0.4451
48.1000 3.3085 -0.8041
48.2000 4.4057 -0.0666
48.3000 4.4379 -0.4681
48.4000 2.3958 -0.5966
48.5000 4.4387 -1.2854
48.6000 3.2882 -0.8598
48.7000 2.6863 -1.5435
48.8000 3.0242 -0.6714
48.9000 3.1465 -1.0760
49.0000 1.1473 -0.7569
49.1000 3.9577 -1.0627
49.2000 4.6532 -1.0059
49.3000 4.3993 -1.3331
49.4000 3.2531 -1.1598
49.5000 4.6352 -0.9766
49.6000 1.6508 -1.1640
49.7000 1.7724 -1.0976
49.8000 1.9291 -0.4896
49.9000 2.4240 -0.1857
50.0000 3.6335 -1.2507
50.1000 2.5876 -1.9444
50.2000 2.1656 -1.0226
50.3000 3.6642 -0.3941
50.4000 0.7181 -0.8762
50.5000 3.2843 -1.8027
50.6000 0.4313 -0.4011
50.7000 3.7712 -1.5340
50.8000 0.8827 -1.1015
50.9000 2.9819 -1.9747
51.0000 0.6099 -1.5160
51.1000 -0.4670 -0.7066
51.2000 0.3483 -1.2972
51.3000 1.1053 -1.8085
51.4000 0.8089 -0.6622
51.5000 1.2854 -0.8802
51.6000 2.5076 -0.7372
51.7000 0.8009 -1.4279
51.8000 1.8021 -1.2250
51.9000 2.1730 -0.7271
52.0000 0.2276 -0.3651
52.1000 -1.9985 -0.9727
52.2000 -0.4714 -1.1263
52.3000 0.2642 -0.6143
52.4000 1.0114 -0.4490
52.5000 0.4479 -0.1569
52.6000 -1.6273 -1.3577
52.7000 -1.1799 -0.5635
52.8000 -1.1142 -0.0621
52.9000 -1.5021 -0.7710
53.0000 -0.7951 -0.6079
53.1000 -1.6936 -0.7281
53.2000 0.0860 -0.2988
53.3000 -2.1614 -0.9799
53.4000 -1.7977 -0.4560
53.5000 -1.2465 -1.4895
53.6000 -0.0762 -1.2882
53.7000 -1.6165 -0.8569
53.8000 -1.2254 -1.1015
53.9000 -2.2478 -0.5174
54.0000 -1.4624 -0.5118
54.1000 -1.5351 -1.2101
54.2000 -1.4277 -0.0452
54.3000 -2.9092 -0.8649
54.4000 -4.3655 -0.0357
54.5000 -4.7373 -0.0818
54.6000 -1.4023 -0.1609
54.7000 -1.0256 -0.9677
54.8000 -3.1581 -0.0360
54.9000 -3.6791 -0.5649
55.0000 -3.0114 -0.3953
55.1000 -2.4385 0.0411
55.2000 -2.7134 -0.9697
55.3000 -4.0200 -0.0927
55.4000 -4.5718 0.3804
55.5000 -2.9792 0.0737
55.6000 -2.2320 -0.8179
55.7000 -4.0935 0.0668
55.8000 -2.3744 -0.4776
55.9000 -3.6045 -0.2426
56.0000 -2.2195 -0.9072
56.1000 -2.3251 -0.7364
56.2000 -3.0026 0.0085
56.3000 -4.4586 -0.3550
56.4000 -2.5496 1.0456
56.5000 -4.7698 0.0551
56.6000 -3.9125 0.4064
56.7000 -3.7877 0.0164
56.8000 -4.6415 0.3769
56.9000 -5.7620 0.2859
57.0000 -3.9338 0.2281
57.1000 -4.0705 0.5663
57.2000 -2.8355 1.1211
57.3000 -4.2211 0.4559
57.4000 -3.2455 -0.2364
57.5000 -3.9077 -0.2612
57.6000 -6.5319 0.2165
57.7000 -3.9276 1.0505
57.8000 -3.8133 0.8345
57.9000 -4.1595 -0.5435
58.0000 -4.0361 0.2848
58.1000 -4.6575 0.5643
58.2000 -4.6161 0.3957
58.3000 -2.6347 0.0492
58.4000 -4.4031 1.1244
58.5000 -4.8720 0.4603
58.6000 -3.6262 0.6429
58.7000 -2.3010 0.4562
58.8000 -4.2632 1.1561
58.9000 -4.9049 1.0296
59.0000 -2.5916 -0.2044
59.1000 -2.1903 0.6397
59.2000 -3.1440 0.5084
59.3000 -2.6913 1.4942
59.4000 -4.8875 0.4816
59.5000 -2.4472 0.5683
59.6000 -3.7400 0.9384
59.7000 -1.8234 0.9785
59.8000 -1.4878 0.3688
59.9000 -3.2160 0.9948
60.0000 -1.9139 1.2731
60.1000 -5.4091 1.0037
60.2000 -2.1987 0.5271
60.3000 -2.7647 0.3128
60.4000 -3.3543 1.8847
60.5000 -2.3543 1.5882
60.6000 -3.1203 0.6343
60.7000 -4.6608 1.3011
60.8000 -4.3065 0.7305
60.9000 -3.9262 0.3493
61.0000 -2.0022 0.9088
61.1000 -1.6661 1.0134
61.2000 -2.3670 0.4446
61.3000 -2.5256 1.9110
61.4000 -1.1230 1.3988
61.5000 -1.3765 2.1017
61.6000 -0.2740 0.9632
61.7000 -0.7367 0.7875
61.8000 -1.0424 1.7640
61.9000 -1.7046 1.7305
62.0000 -0.5947 1.1448
62.1000 -1.8888 -0.1564
62.2000 -0.8105 1.4196
62.3000 -2.6643 0.7709
62.4000 1.8804 0.8112
62.5000 0.5954 0.6111
62.6000 -0.0660 1.3976
62.7000 -0.5239 1.7990
62.8000 0.7308 1.1554
62.9000 -0.3371 0.7936
63.0000 0.1236 0.8742
63.1000 2.5236 0.3734
63.2000 1.8531 0.4501
63.3000 1.9080 0.3414
63.4000 1.0906 1.0963
63.5000 1.3388 0.5103
63.6000 0.9717 0.5587
63.7000 1.6920 0.9632
63.8000 0.9506 0.8121
63.9000 0.0927 -0.0809
64.0000 2.0697 1.6745
64.1000 1.3164 0.7608
64.2000 2.4947 0.8269
64.3000 0.7110 1.3993
64.4000 2.7916 0.0889
64.5000 1.7495 0.3297
64.6000 1.2696 0.2311
64.7000 4.7707 0.1299
64.8000 0.8096 0.4369
64.9000 3.1958 0.2585
65.0000 3.3577 0.4150
65.1000 3.3860 0.4510
65.2000 2.6508 -0.4022
65.3000 2.0011 0.5059
65.4000 1.9529 0.6671
65.5000 3.1527 0.9694
65.6000 3.6251 0.8439
65.7000 1.8540 -0.0039
65.8000 4.3384 -0.7037
65.9000 2.6350 0.4243
66.0000 3.9953 1.1335
66.1000 2.9310 0.3824
66.2000 3.3344 0.6699
66.3000 3.0265 0.3120
66.4000 4.4770 0.2800
66.5000 2.9662 0.3780
66.6000 4.5196 0.4453
66.7000 1.8189 -0.4199
66.8000 4.0372 -0.0656
66.9000 3.7374 -0.0224
67.0000 4.5130 0.1107
67.1000 4.8255 0.3483
67.2000 5.2156 -0.2182
67.3000 4.4276 0.0089
67.4000 3.9556 -1.1350
67.5000 2.9934 -0.1170
67.6000 4.0684 -0.1459
67.7000 3.3541 -0.5929
67.8000 5.1022 -0.0686
67.9000 6.2285 -0.3411
68.0000 3.5999 -0.1036
68.1000 6.9795 -0.4373
68.2000 3.4984 -0.6255
68.3000 4.7405 -0.3444
68.4000 3.8604 -1.4109
68.5000 4.4061 -0.8978
68.6000 3.9830 0.2164
68.7000 4.4544 0.1142
68.8000 5.0069 -0.2981
68.9000 1.1086 -1.3096
69.0000 5.3767 0.2334
69.1000 4.8666 -0.9539
69.2000 2.6352 -0.9935
69.3000 2.2960 -1.0413
69.4000 4.1455 -0.3768
69.5000 3.5649 -0.5359
69.6000 4.4552 -0.7229
69.7000 1.7133 -0.4889
69.8000 5.1623 -1.0458
69.9000 3.1825 -0.3801
70.0000 2.5560 -0.5624
70.1000 3.4543 -0.4590
70.2000 1.4949 -1.7995
70.3000 1.9512 -1.4339
70.4000 3.6703 -0.5216
70.5000 3.7706 -1.3412
70.6000 2.8956 -1.1047
70.7000 2.5213 -2.1265
70.8000 3.9345 -1.4162
70.9000 2.4267 -1.8683
71.0000 2.7559 -2.1199
71.1000 2.5372 -1.2042
71.2000 2.0714 -1.4337
71.3000 1.9307 -0.9342
71.4000 2.1434 -0.6849
71.5000 2.5265 -1.2897
71.6000 1.6014 -1.3156
71.7000 2.2688 -1.7264
71.8000 1.7861 -0.8714
71.9000 1.2835 -1.0610
72.0000 1.3465 -0.6383
72.1000 1.7573 -1.0107
72.2000 -0.0179 -1.0324
72.3000 0.2849 -1.0635
72.4000 -0.0688 -0.2169
72.5000 2.2290 -0.8433
72.6000 -0.3761 -0.8115
72.7000 0.6448 -0.7726
72.8000 2.7146 -1.3661
72.9000 2.0593 -0.8642
73.0000 3.0725 -1.4571
73.1000 0.6326 -1.3145
73.2000 -0.6414 -1.4516
73.3000 0.3283 -1.3700
73.4000 -0.4492 -0.9324
73.5000 2.0757 -0.8829
73.6000 -0.9736 -0.4010
73.7000 -0.3065 -0.7810
73.8000 -2.1305 -1.7840
73.9000 -0.1728 -0.6478
74.0000 -0.5078 -0.8886
74.1000 -0.4244 -0.8016
74.2000 -2.0610 -1.5523
74.3000 -1.0206 -1.2198
74.4000 -1.2472 -1.5299
74.5000 -1.6354 -0.6096
74.6000 -2.5607 -0.4744
74.7000 -2.3443 -1.0500
74.8000 -2.5110 -0.1313
74.9000 -3.5069 0.0058
75.0000 -2.5641 -0.5800
75.1000 -1.8770 -0.6806
75.2000 -2.3846 -1.2282
75.3000 -0.7715 -0.4841
75.4000 -0.6306 -0.0517
75.5000 -2.4707 0.2347
75.6000 -3.1373 -0.6449
75.7000 -3.8652 -0.8410
75.8000 -2.6799 -0.4237
75.9000 -2.3610 -0.4521
76.0000 -3.9813 -0.4373
76.1000 -2.0081 -0.4506
76.2000 -2.4439 0.0858
76.3000 -4.1627 -0.9102
76.4000 -4.5247 -0.1037
76.5000 -3.9710 -0.7077
76.6000 -3.8315 -0.5267
76.7000 -3.4918 -0.4521
76.8000 -3.3258 -0.2404
76.9000 -2.1089 0.8792
77.0000 -5.1941 -0.3022
77.1000 -4.6831 0.5678
77.2000 -4.0223 -0.2341
77.3000 -4.6775 -0.1213
77.4000 -3.4087 -0.3473
77.5000 -3.2154 -0.2861
77.6000 -2.3000 0.5303
77.7000 -5.5502 0.2646
77.8000 -3.9028 0.0298
77.9000 -4.4611 0.2969
78.0000 -5.1375 0.2644
78.1000 -3.6407 -0.6085
78.2000 -3.2860 0.8917
78.3000 -5.4000 0.5230
78.4000 -3.9583 0.4686
78.5000 -0.9374 0.0924
78.6000 -3.9556 0.3466
78.7000 -4.1115 -0.3700
78.8000 -4.0574 0.4250
78.9000 -2.8920 0.6094
79.0000 -3.9734 0.1871
79.1000 -4.8494 0.0143
79.2000 -2.2049 0.5914
79.3000 -3.3680 0.6647
79.4000 -3.4993 -0.3956
79.5000 -4.2624 0.3251
79.6000 -1.8088 0.7059
79.7000 -3.9259 0.7710
79.8000 -3.9704 0.4345
79.9000 -3.8865 0.0843
80.0000 -4.8783 0.0951
80.1000 -3.1153 0.1225
80.2000 -2.0318 1.0954
80.3000 -1.9822 0.7967
80.4000 -3.7755 1.3588
80.5000 -3.1486 0.4480
80.6000 -3.2017 0.6422
80.7000 -4.2269 -0.0107
80.8000 -2.1783 1.4130
80.9000 -4.4943 0.3193
81.0000 -4.0350 0.2424
81.1000 -2.3368 1.4589
81.2000 -1.9547 1.0079
81.3000 -2.3247 1.4879
81.4000 -2.2943 1.1984
81.5000 -2.6146 0.5169
81.6000 -2.5211 1.0549
81.7000 -2.5415 1.1125
81.8000 -2.4728 0.5132
81.9000 -2.1742 1.6294
82.0000 -1.8602 1.1491
82.1000 -1.7384 1.0282
82.2000 -2.9633 0.5432
82.3000 -3.1151 0.9565
82.4000 -1.9798 0.2233
82.5000 -2.4054 1.4476
82.6000 -1.8674 0.8055
82.7000 -2.0504 1.1166
82.8000 -2.3631 1.1793
82.9000 -0.2953 0.8498
83.0000 -1.2539 0.8262
83.1000 -2.0312 0.1271
83.2000 -2.4124 0.6955
83.3000 -1.1536 0.0873
83.4000 0.0586 1.7757
83.5000 0.4083 1.6396
83.6000 -1.1963 2.1656
83.7000 0.3553 1.3406
83.8000 0.7674 0.5321
83.9000 -0.6245 1.1219
84.0000 1.6300 1.9486
84.1000 2.0334 0.6019
84.2000 2.6803 0.9775
84.3000 0.9184 0.8009
84.4000 2.0706 0.7828
84.5000 1.1425 1.3012
84.6000 1.5828 0.2604
84.7000 1.9084 0.3886
84.8000 2.4323 0.4869
84.9000 0.5834 0.6876
85.0000 0.2476 0.7808
85.1000 1.9003 1.0774
85.2000 1.7819 0.9939
85.3000 2.8259 1.0069
85.4000 1.5760 0.7474
85.5000 2.1312 -0.0829
85.6000 1.1790 0.8498
85.7000 0.4474 1.0955
85.8000 4.1572 1.8153
85.9000 2.4556 1.6027
86.0000 1.0631 0.4965
86.1000 3.8709 0.5562
86.2000 2.3468 0.0892
86.3000 4.1522 -0.3365
86.4000 3.5222 0.4091
86.5000 3.4384 0.6274
86.6000 1.9294 0.1178
86.7000 3.3092 0.8656
86.8000 1.6107 1.0522
86.9000 2.8374 -0.0320
87.0000 4.1839 0.5576
87.1000 4.1713 0.9189
87.2000 3.8374 0.4101
87.3000 3.9026 0.2344
87.4000 3.3239 0.0459
87.5000 5.8642 0.5594
87.6000 3.3801 0.2864
87.7000 3.7613 -0.0591
87.8000 2.5502 -0.0057
87.9000 3.0227 -0.5676
88.0000 3.0684 -0.2084
88.1000 3.1953 0.7158
88.2000 4.5669 -0.3099
88.3000 4.4082 -0.6647
88.4000 3.5827 -1.2391
88.5000 3.8946 -0.7503
88.6000 4.6775 -0.7349
88.7000 5.3766 -0.2134
88.8000 3.9183 0.0400
88.9000 3.8432 -0.0283
89.0000 3.2844 -1.1626
89.1000 3.1688 0.5255
89.2000 4.5052 -0.3279
89.3000 5.5922 -0.6928
89.4000 2.9130 0.0422
89.5000 3.3143 -0.9399
89.6000 2.4531 0.0515
89.7000 4.9501 -0.4637
89.8000 6.0827 -1.1702
89.9000 3.0060 -1.2242
90.0000 4.6930 -0.9427
90.1000 3.9023 -0.2573
90.2000 4.0837 -0.6593
90.3000 4.2772 -0.6893
90.4000 3.7870 -0.4667
90.5000 2.4171 -1.7257
90.6000 4.3512 -0.6006
90.7000 4.1308 -0.0217
90.8000 2.5094 -1.2289
90.9000 2.4785 -0.6058
91.0000 3.3873 -0.7795
91.1000 2.0081 -1.6326
91.2000 2.4370 -0.5586
91.3000 1.7902 -1.2152
91.4000 3.2116 -1.0771
91.5000 4.1404 -1.5156
91.6000 3.1656 -0.6080
91.7000 1.4782 -1.9199
91.8000 2.6238 -1.5743
91.9000 1.2145 -1.4315
92.0000 1.7164 -0.3925
92.1000 1.5474 -0.3549
92.2000 3.2013 -2.3725
92.3000 1.9777 -1.4372
92.4000 2.0776 -1.0063
92.5000 0.5069 -0.4994
92.6000 1.4272 -1.0095
92.7000 3.2846 -0.6251
92.8000 2.3825 -1.1943
92.9000 2.1350 -1.7019
93.0000 1.4813 -1.1328
93.1000 0.7756 -1.3952
93.2000 0.1407 0.0046
93.3000 1.4753 -0.4525
93.4000 0.4498 -1.2488
93.5000 1.8617 -1.0958
93.6000 0.2827 -1.3928
93.7000 0.3521 -1.4575
93.8000 -0.4236 -1.7025
93.9000 -0.2187 -1.3745
94.0000 0.7366 -1.2404
94.1000 -0.1208 -1.2035
94.2000 -0.3392 -0.6213
94.3000 -0.7381 -1.6973
94.4000 -0.8238 -1.2497
94.5000 0.7070 -0.5968
94.6000 0.2199 -0.6882
94.7000 -0.9971 -0.1483
94.8000 -2.5906 -1.3439
94.9000 -0.2283 -0.8522
95.0000 -0.5848 -0.6021
95.1000 -1.0335 -0.8467
95.2000 -1.0208 -0.4485
95.3000 -0.8055 -0.5023
95.4000 -2.2305 -0.3742
95.5000 -0.5337 -0.6496
95.6000 -1.8278 -0.5185
95.7000 -3.2544 -0.8013
95.8000 -1.8471 -0.4987
95.9000 -1.0526 -0.0101
96.0000 -2.0548 -0.6295
96.1000 -0.7447 -1.3981
96.2000 -3.7618 -0.5890
96.3000 -2.9322 -0.2936
96.4000 -3.6901 -0.6935
96.5000 -2.9764 0.5939
96.6000 -2.6111 -0.8628
96.7000 -1.9527 -0.6463
96.8000 -0.9151 -0.9673
96.9000 -3.3781 -0.7560
97.0000 -2.8580 -0.3576
97.1000 -2.8434 -0.0997
97.2000 -3.3507 -0.0924
97.3000 -3.3435 0.4762
97.4000 -2.6776 -0.1351
97.5000 -5.8002 -1.0500
97.6000 -2.3000 0.0652
97.7000 -3.4439 -0.2190
97.8000 -3.4414 -0.3010
97.9000 -3.4611 -0.8196
98.0000 -4.6081 0.5584
98.1000 -4.6198 0.1336
98.2000 -4.6077 -0.1386
98.3000 -3.6961 -0.5802
98.4000 -4.3443 0.1857
98.5000 -2.4150 0.5770
98.6000 -5.2690 0.8692
98.7000 -3.4226 0.4582
98.8000 -3.3818 -0.5072
98.9000 -3.5838 0.1539
99.0000 -5.3844 0.4032
99.1000 -3.4387 1.0240
99.2000 -5.0605 0.6004
99.3000 -3.6066 1.1365
99.4000 -3.8224 -0.2622
99.5000 -4.5877 1.4273
99.6000 -2.4421 0.8085
99.7000 -3.6424 1.0242
99.8000 -3.3604 0.1863
99.9000 -4.4912 0.5696
100.0000 -1.7123 0.2760
100.1000 -3.8686 0.3380
100.2000 -4.5093 0.1094
100.3000 -4.6027 1.1700
100.4000 -2.3773 0.9345
100.5000 -4.1081 0.7184
100.6000 -5.5184 0.8782
100.7000 -4.6415 1.5127
100.8000 -4.6976 0.0787
100.9000 -5.1420 0.7573
101.0000 -4.2575 0.5084
101.1000 -5.1099 0.6831
101.2000 -2.6832 0.9185
101.3000 -3.6427 1.6029
101.4000 -3.4079 1.3175
101.5000 -2.4620 1.5571
101.6000 -3.6655 0.7352
101.7000 -5.1465 1.0198
101.8000 -3.0649 0.6196
101.9000 -5.2927 0.2215
102.0000 -2.0936 1.1877
102.1000 -4.0301 1.2191
102.2000 -1.8143 1.7804
102.3000 -3.3989 0.6311
102.4000 -0.6257 1.2733
102.5000 -1.0805 0.2356
102.6000 -2.4821 1.0107
102.7000 -3.5339 1.1671
102.8000 -3.2534 1.8465
102.9000 -2.0548 1.7019
103.0000 -1.2495 0.6335
103.1000 0.5741 1.2315
103.2000 -3.0719 2.0752
103.3000 -2.7651 1.0817
103.4000 -1.2038 0.9599
103.5000 -3.0683 1.8253
103.6000 -1.2970 0.6726
103.7000 -0.7878 1.9001
103.8000 -3.6942 0.8757
103.9000 -2.8163 1.2543
104.0000 -1.4702 0.3777
104.1000 0.4074 0.9315
104.2000 -1.0082 1.1301
104.3000 0.1227 0.6044
104.4000 -0.2059 1.1082
104.5000 0.3380 1.3537
104.6000 -0.4267 0.4812
104.7000 0.1442 0.7090
104.8000 0.3522 1.1625
104.9000 -1.6109 1.4968
105.0000 2.9051 1.3098
105.1000 0.1160 0.9308
105.2000 0.0764 0.6276
105.3000 1.1576 0.5313
105.4000 0.9318 0.6438
105.5000 1.8358 0.1564
105.6000 0.4836 0.9041
105.7000 0.1591 0.5808
105.8000 1.6739 0.8745
105.9000 1.0667 0.7606
106.0000 2.0044 1.8784
106.1000 2.3487 0.5539
106.2000 3.0253 1.4291
106.3000 1.5955 0.6641
106.4000 2.0657 1.0242
106.5000 2.6735 0.6128
106.6000 2.0496 0.3657
106.7000 1.8506 0.7374
106.8000 2.2335 1.6990
106.9000 2.0096 -0.2140
107.0000 4.8579 -0.0871
107.1000 4.1884 0.1453
107.2000 3.4608 0.3903
107.3000 2.5578 0.1679
107.4000 3.9001 -0.3715
107.5000 3.3415 0.6939
107.6000 3.2692 -0.2602
107.7000 4.1656 0.4669
107.8000 2.7151 0.4574
107.9000 1.4749 1.1815
108.0000 4.6854 -0.5515
108.1000 4.1833 -0.1050
108.2000 4.6979 0.3709
108.3000 4.6789 1.0764
108.4000 2.9087 0.6881
108.5000 5.3099 0.3010
108.6000 2.0989 0.7741
108.7000 3.2296 0.3026
108.8000 4.6868 -0.1725
108.9000 3.0468 0.6871
109.0000 3.0893 -0.5172
109.1000 4.4939 0.2939
109.2000 5.4282 -0.9035
109.3000 3.2624 -0.4369
109.4000 4.3316 -0.8921
109.5000 4.7326 -0.1258
109.6000 4.6222 0.0801
109.7000 4.9681 -0.0570
109.8000 2.1518 -1.0490
109.9000 5.1241 -0.5484
110.0000 3.5818 -1.3979
110.1000 5.2179 -0.6386
110.2000 3.6735 -0.3740
110.3000 4.5303 -0.1731
110.4000 3.4025 -0.2514
110.5000 2.2640 -0.6709
110.6000 4.9457 -0.8564
110.7000 3.6742 -1.1072
110.8000 4.0364 -0.4918
110.9000 1.2502 -0.2591
111.0000 1.6012 -0.6647
111.1000 3.6048 -0.9808
111.2000 4.5903 -0.9478
111.3000 2.9423 -0.4473
111.4000 3.2589 -0.4781
111.5000 5.7039 -1.6336
111.6000 2.3324 -0.5120
111.7000 4.2503 -0.3916
111.8000 2.3862 -0.8300
111.9000 2.7448 0.0167
112.0000 1.9908 -0.5046
112.1000 2.8685 -0.5961
112.2000 4.1916 -1.7174
112.3000 2.1197 -0.7611
112.4000 1.9068 -1.4877
112.5000 4.2795 -0.4556
112.6000 3.5189 -0.5282
112.7000 2.5996 -0.9038
112.8000 2.5269 -0.8171
112.9000 2.5188 -0.7820
113.0000 5.3637 -0.1624
113.1000 2.4637 -1.4101
113.2000 1.7118 -1.1674
113.3000 1.7237 -0.5914
113.4000 0.8608 -0.8906
113.5000 3.0599 -1.3987
113.6000 2.1592 -0.0059
113.7000 1.5572 -0.9277
113.8000 2.1286 -1.8524
113.9000 0.9672 -1.1513
114.0000 0.8087 -0.8591
114.1000 1.0841 -0.2817
114.2000 -0.2021 -2.7987
114.3000 1.9825 -0.3493
114.4000 0.6253 -1.0955
114.5000 -0.5013 -0.9522
114.6000 1.5591 -1.1191
114.7000 -0.6663 -0.7865
114.8000 -1.2663 -1.1988
114.9000 0.5811 -1.0579
115.0000 0.5303 -0.7554
115.1000 -0.4442 -0.4481
115.2000 -0.4319 -1.6095
115.3000 0.8083 -0.9309
115.4000 0.1304 -1.4867
115.5000 -1.3324 -1.2468
115.6000 -1.9631 -0.7326
115.7000 0.4609 -0.3523
115.8000 1.1041 -1.1047
115.9000 1.4299 -0.3082
116.0000 0.9210 -0.8702
116.1000 0.0539 -0.8874
116.2000 -0.4869 -0.1828
116.3000 -1.1702 -0.8287
116.4000 -1.1681 -1.1807
116.5000 -1.3521 -0.7366
116.6000 -2.6928 -1.4882
116.7000 -1.9959 -1.1810
116.8000 -2.0191 -0.6155
116.9000 -4.3169 -0.6873
117.0000 -3.8224 0.2125
117.1000 -1.3893 -0.4261
117.2000 -2.0272 -0.7367
117.3000 -1.9791 -1.0529
117.4000 -1.0215 0.3285
117.5000 -1.6365 -0.2985
117.6000 -1.4925 -0.9439
117.7000 -4.1389 -0.4728
117.8000 -3.6008 0.1476
117.9000 -3.3219 0.1221
118.0000 -3.8289 -0.4257
118.1000 -2.2973 -0.5558
118.2000 -2.5199 -0.7041
118.3000 -2.7366 -0.3033
118.4000 -4.8131 -0.5612
118.5000 -2.2940 -0.6441
118.6000 -2.7294 -0.7870
118.7000 -3.4667 0.6279
118.8000 -3.4129 -0.0470
118.9000 -2.6708 0.0654
119.0000 -3.6435 -1.2015
119.1000 -1.8173 0.2313
119.2000 -3.7733 -0.4596
119.3000 -4.8851 0.8463
119.4000 -4.2030 0.9586
119.5000 -4.1227 -0.6251
119.6000 -3.5127 1.0721
119.7000 -3.3387 0.0114
119.8000 -2.3085 -0.1579
119.9000 -5.1029 -0.4146
