# # time [s], flux(t) [arb. units], flux_error [arb. units]
1.501502e+00 6.880707e+00 3.901107e-01
3.603604e+00 7.766925e+00 1.731797e-01
3.903904e+00 8.513680e+00 4.548427e-01
7.707708e+00 7.596613e+00 9.144604e-02
1.171171e+01 3.576741e+00 2.622514e-01
1.261261e+01 2.213752e+00 1.678341e-01
1.301301e+01 1.413982e+00 4.895867e-02
1.821822e+01 -5.992981e+00 2.914823e-01
1.891892e+01 -6.162039e+00 2.511527e-01
2.252252e+01 -7.767052e+00 5.260285e-01
2.342342e+01 -9.017877e+00 7.784559e-01
2.692693e+01 -5.991151e+00 8.277062e-02
2.862863e+01 -4.041446e+00 4.996852e-02
2.872873e+01 -4.359247e+00 3.982556e-01
3.073073e+01 -1.035811e+00 1.067697e-01
3.203203e+01 9.148413e-01 1.233116e-01
3.453453e+01 3.949126e+00 3.520294e-01
3.913914e+01 8.837871e+00 7.023650e-01
4.004004e+01 9.207358e+00 9.132532e-01
4.394394e+01 5.820787e+00 7.201618e-01
4.494494e+01 5.251011e+00 2.713887e-01
4.644645e+01 3.686304e+00 1.334353e-02
4.864865e+01 4.066252e-01 1.165456e-01
5.175175e+01 -3.999336e+00 6.392767e-02
5.755756e+01 -8.542555e+00 2.475076e-01
6.556557e+01 -1.715171e+00 3.293728e-01
6.756757e+01 1.144866e+00 4.361030e-01
7.317317e+01 6.890226e+00 8.395632e-01
8.088088e+01 5.467627e+00 1.059183e+00
8.438438e+01 -4.670549e-01 1.052282e-01
8.788789e+01 -5.631851e+00 2.978564e-01
8.898899e+01 -5.928649e+00 5.503106e-01
9.239239e+01 -7.654928e+00 6.279742e-01
9.289289e+01 -8.552842e+00 2.555722e-01
9.429429e+01 -8.068745e+00 8.566380e-02
9.899900e+01 -3.551466e+00 5.111249e-02
9.909910e+01 -4.105160e+00 6.375236e-01
