# # time [s], flux(t) [arb. units], flux_error [arb. units]
1.501502e+00 9.611482e+00 3.120886e+00
3.603604e+00 6.554667e+00 1.385437e+00
3.903904e+00 1.169758e+01 3.638741e+00
7.707708e+00 8.236736e+00 7.315683e-01
1.171171e+01 5.412500e+00 2.098011e+00
1.261261e+01 3.388591e+00 1.342673e+00
1.301301e+01 1.071271e+00 3.916694e-01
1.821822e+01 -8.033357e+00 2.331858e+00
1.891892e+01 -4.403970e+00 2.009221e+00
2.252252e+01 -4.084852e+00 4.208228e+00
2.342342e+01 -1.446707e+01 6.227647e+00
2.692693e+01 -5.411757e+00 6.621649e-01
2.862863e+01 -3.691667e+00 3.997482e-01
2.872873e+01 -7.147036e+00 3.186044e+00
3.073073e+01 -2.884232e-01 8.541578e-01
3.203203e+01 1.778022e+00 9.864927e-01
3.453453e+01 1.484920e+00 2.816235e+00
3.913914e+01 1.375443e+01 5.618920e+00
4.004004e+01 1.560013e+01 7.306025e+00
4.394394e+01 7.796536e-01 5.761295e+00
4.494494e+01 3.351291e+00 2.171110e+00
4.644645e+01 3.779709e+00 1.067483e-01
4.864865e+01 -4.091942e-01 9.323651e-01
5.175175e+01 -4.446830e+00 5.114213e-01
5.755756e+01 -1.027511e+01 1.980061e+00
6.556557e+01 -4.020781e+00 2.634983e+00
6.756757e+01 -1.907854e+00 3.488824e+00
7.317317e+01 1.013283e+00 6.716506e+00
8.088088e+01 1.288191e+01 8.473462e+00
8.438438e+01 2.695428e-01 8.418259e-01
8.788789e+01 -7.716846e+00 2.382851e+00
8.898899e+01 -2.076475e+00 4.402485e+00
9.239239e+01 -3.259109e+00 5.023793e+00
9.289289e+01 -1.034185e+01 2.044578e+00
9.429429e+01 -8.668391e+00 6.853104e-01
9.899900e+01 -3.193679e+00 4.088999e-01
9.909910e+01 -8.567825e+00 5.100189e+00
