# Mass [Msun]
2.4656
3.1861
4.6562
2.7094
7.8430
2.1966
2.3583
2.1792
10.2774
10.1081
3.2246
2.2138
55.7018
4.4946
3.8017
3.6087
20.2509
3.0420
5.0287
17.8406
3.5211
12.3558
21.3635
6.3564
3.1343
6.1366
5.5699
4.8739
18.5485
2.7419
10.5682
2.1711
2.1934
22.1375
5.1586
3.3995
2.5884
4.5385
2.9773
2.0331
3.8800
8.0928
10.3932
2.4346
2.4142
3.9600
2.7755
3.1828
2.5443
5.0826
2.0205
3.5850
2.5553
4.6463
2.9616
5.3211
3.3040
4.2439
6.2195
2.0214
5.7003
3.0009
2.6156
5.5241
4.3655
4.1609
2.3896
4.4976
4.2426
23.4291
29.2751
2.8265
8.1977
7.8776
14.1375
5.7858
3.7359
2.2538
41.9108
2.5853
15.0999
2.2514
5.1101
31.8262
6.6359
2.9329
6.0816
2.0335
2.0924
25.8548
4.4410
3.3443
14.0040
3.9126
2.2738
2.8716
14.0906
14.3521
4.6928
21.7445
3.0908
2.4226
3.1169
4.5381
3.4027
22.9213
3.2760
7.3849
8.2491
5.9655
3.9068
15.1495
4.1688
2.1724
4.4471
5.6340
38.6850
3.9475
4.5774
2.6398
3.2643
3.0693
8.1692
11.7726
3.6495
12.6337
2.2660
7.8845
5.9667
3.1413
4.8589
6.5492
97.1453
2.4333
2.6685
7.4116
2.3462
3.8070
3.0500
2.4112
2.0951
5.2124
6.8363
2.8271
5.7284
12.4315
11.0098
2.1461
8.2527
11.2554
2.2387
12.7365
8.7810
15.4219
12.8805
12.4534
2.9588
5.5549
3.9548
7.5304
2.6510
4.5325
4.6474
2.5258
8.1597
6.0152
2.3362
9.6106
4.4789
12.6506
2.4752
2.5259
34.5078
17.2649
6.1191
4.3018
38.0151
2.2340
16.2880
7.5275
4.5754
9.4644
2.7597
4.3465
18.9837
2.4781
2.3194
10.1118
2.6141
2.8606
3.6177
2.3887
4.5950
3.6360
2.0621
8.1959
3.7462
13.1156
11.2640
11.4764
7.3149
2.9334
4.3902
3.6131
3.7019
7.8258
5.1670
2.1812
8.2694
12.2508
2.0823
13.9356
3.0281
5.3880
13.5573
2.6447
22.2169
7.4729
9.8190
3.4146
22.0164
4.5838
6.9541
78.4099
7.9133
8.8272
21.7336
3.0423
11.3362
27.0577
4.8546
12.8173
6.0262
3.1740
5.7993
88.1745
