# Mass [Msun]
3.1810
2.8074
6.4932
2.0220
2.3062
2.0954
4.0812
2.2952
2.3465
2.5236
5.2101
3.1371
2.0882
3.7945
3.0368
2.1971
5.4712
2.2407
3.1277
3.5053
6.4247
2.0172
2.1595
2.5044
2.6019
3.2980
2.2410
2.9662
8.6162
8.7828
4.0003
3.7556
2.4578
2.7332
3.0215
2.7129
3.4239
2.4941
3.0248
8.1402
2.8587
3.3874
2.0833
3.9157
2.6543
5.6158
3.0783
2.0598
5.0522
4.4042
2.0657
5.7975
4.8605
2.5530
2.1471
4.4064
2.5952
7.2599
3.1604
2.1907
2.1263
4.2767
3.2756
3.8924
2.3416
3.3021
3.4424
2.8261
3.3171
2.2154
