#  Columms are:
#  1) T_{500}  [keV]
#  2) Gaussian error in T_{500}  [keV]
#  3) Bolometric luminosity [ergs/s]
#  4) Gaussian error in Bolometric luminosity [erg/s]

2.331 0.241 1.694e+42 7.637e+40
8.720 2.554 5.943e+44 4.088e+43
6.053 0.534 1.939e+45 2.721e+43
0.628 0.031 1.839e+42 1.695e+42
4.776 0.226 6.251e+44 8.703e+42
6.975 0.175 4.370e+44 4.000e+42
4.371 0.322 1.137e+44 2.615e+42
7.475 5.850 9.135e+44 6.633e+43
1.780 0.903 4.557e+44 1.499e+44
5.421 0.233 1.440e+44 1.740e+42
4.524 1.291 5.230e+44 6.783e+43
2.966 0.511 4.545e+43 3.709e+42
3.484 1.043 2.640e+43 6.213e+42
4.688 0.689 1.258e+45 6.683e+43
5.154 1.258 3.791e+44 2.647e+43
5.412 0.957 5.290e+44 4.163e+43
4.708 1.051 1.676e+43 2.011e+42
5.254 1.195 3.569e+44 2.471e+43
5.140 0.899 5.310e+44 3.565e+43
2.487 0.364 3.524e+43 3.252e+42
2.995 0.752 2.903e+43 3.663e+42
4.918 0.856 2.805e+44 1.658e+43
4.262 0.801 4.176e+44 3.944e+43
3.990 0.412 3.199e+44 2.080e+43
3.263 0.900 3.462e+44 4.385e+43
2.492 0.367 1.316e+43 1.436e+42
7.967 1.120 7.136e+44 2.677e+43
5.205 1.455 2.053e+44 1.776e+43
1.576 0.190 1.089e+43 2.690e+42
4.812 1.293 2.289e+44 2.357e+43
3.952 0.876 1.965e+44 1.622e+43
4.190 0.536 7.413e+43 4.482e+42
2.302 0.437 1.681e+43 3.112e+42
3.536 0.199 3.440e+43 1.641e+42
2.536 0.298 3.139e+43 5.044e+42
4.538 0.201 9.653e+43 1.603e+42
9.027 1.522 1.012e+45 3.598e+43
6.311 0.104 5.449e+44 2.756e+42
3.631 0.401 5.430e+43 2.575e+42
5.849 0.097 9.785e+43 1.114e+42
4.537 0.694 8.562e+43 5.873e+42
4.205 0.050 1.328e+44 1.329e+42
7.108 1.007 4.222e+44 1.507e+43
1.703 0.064 9.425e+42 4.588e+41
3.670 0.157 7.236e+43 1.301e+42
8.797 0.772 9.083e+44 1.852e+43
2.279 0.011 9.250e+42 6.451e+40
7.739 0.754 7.579e+44 1.727e+43
5.851 0.830 7.573e+44 2.545e+43
8.487 0.652 9.647e+44 1.688e+43
4.613 0.221 6.566e+43 1.742e+42
5.257 0.255 4.139e+44 8.656e+42
6.908 0.139 2.863e+44 1.919e+42
2.623 0.080 1.465e+43 4.813e+41
7.595 0.105 7.432e+44 1.881e+42
7.599 1.131 9.464e+44 2.914e+43
7.575 0.174 1.722e+45 6.596e+42
4.436 0.034 1.422e+44 6.965e+41
3.695 0.243 4.930e+43 1.623e+42
8.214 0.120 7.361e+44 7.817e+42
7.082 0.175 6.710e+44 6.442e+42
2.873 0.031 3.422e+43 9.421e+41
7.449 0.360 6.574e+44 9.509e+42
3.125 0.152 2.249e+43 6.699e+41
5.627 0.313 3.227e+44 8.212e+42
3.285 0.234 5.154e+43 1.987e+42
4.425 0.117 5.184e+43 6.982e+41
2.699 0.201 1.418e+43 1.060e+42
5.999 0.389 7.704e+44 1.036e+43
4.692 0.540 4.493e+44 1.301e+43
8.175 0.781 9.710e+44 1.603e+43
6.867 0.198 6.299e+44 4.201e+42
8.574 0.267 6.832e+44 7.777e+42
13.559 1.825 1.818e+45 2.929e+43
2.335 0.317 2.748e+43 1.775e+42
8.424 0.117 4.211e+44 1.703e+42
8.063 0.625 9.616e+44 1.619e+43
6.465 1.007 5.125e+44 2.417e+43
5.098 0.321 3.610e+44 6.327e+42
4.061 0.370 1.756e+44 5.826e+42
4.503 0.235 3.806e+44 9.230e+42
5.898 0.172 6.470e+44 8.189e+42
6.708 0.354 8.671e+44 1.038e+43
4.553 0.225 1.167e+44 2.736e+42
6.636 0.583 4.996e+44 1.247e+43
5.612 0.194 2.960e+44 4.011e+42
5.004 0.278 4.806e+44 6.804e+42
2.184 0.145 3.273e+42 2.428e+41
3.049 0.157 9.703e+43 3.512e+42
5.730 0.225 3.822e+44 6.362e+42
4.324 0.286 4.715e+44 1.103e+43
4.377 0.400 6.941e+43 3.682e+42
5.438 0.218 3.364e+44 5.277e+42
14.351 2.271 1.441e+45 3.373e+43
10.013 1.913 2.863e+44 1.251e+43
7.427 0.194 9.106e+44 6.392e+42
5.876 0.396 5.707e+44 9.580e+42
3.429 0.122 9.146e+43 1.932e+42
7.513 0.744 5.893e+44 1.366e+43
2.171 0.108 3.532e+43 1.587e+42
7.703 0.782 4.578e+44 1.361e+43
5.223 0.077 8.631e+43 9.114e+41
5.733 0.073 4.939e+44 2.497e+42
6.762 0.386 4.915e+44 7.742e+42
5.009 0.223 4.083e+44 5.916e+42
3.185 0.282 6.961e+43 2.559e+42
7.284 0.640 5.088e+44 9.204e+42
10.239 0.290 2.106e+45 1.297e+43
10.685 4.300 6.868e+44 2.963e+43
3.353 0.086 3.911e+43 7.509e+41
4.402 0.253 6.956e+43 1.825e+42
3.874 0.274 7.505e+43 2.693e+42
9.151 0.269 9.386e+44 8.708e+42
7.317 0.592 7.062e+44 1.395e+43
5.267 0.305 1.436e+44 3.697e+42
3.663 0.039 1.332e+44 1.679e+42
6.014 0.080 6.414e+44 2.458e+42
3.702 0.223 8.440e+43 2.542e+42
10.371 0.719 3.195e+45 2.690e+43
1.525 0.297 9.798e+41 6.912e+40
8.709 0.518 1.830e+45 1.966e+43
4.542 0.291 1.874e+44 4.720e+42
5.229 0.395 2.197e+44 6.697e+42
2.668 0.059 7.803e+43 1.226e+42
6.761 0.473 9.092e+44 1.397e+43
7.493 0.113 4.037e+44 4.059e+42
4.590 0.132 1.469e+44 2.131e+42
5.518 0.067 6.442e+43 5.227e+41
6.411 0.170 3.464e+44 2.822e+42
6.099 0.320 2.149e+44 3.407e+42
2.221 0.218 1.479e+43 1.450e+42
7.235 0.270 6.510e+44 6.018e+42
3.912 0.115 6.993e+43 1.077e+42
7.980 0.684 5.757e+44 9.582e+42
5.079 0.452 6.089e+43 1.526e+42
3.124 0.206 1.062e+44 5.415e+42
8.238 0.142 1.233e+45 6.507e+42
8.295 0.264 1.081e+45 7.592e+42
4.252 0.090 5.836e+43 6.466e+41
2.798 0.081 3.685e+43 1.431e+42
13.921 0.629 2.085e+45 1.134e+43
7.143 0.890 3.937e+44 1.251e+43
9.533 0.362 1.829e+45 9.109e+42
6.350 0.290 6.606e+44 9.781e+42
11.256 0.239 2.166e+45 1.124e+43
5.824 0.116 5.628e+44 3.305e+42
5.109 0.356 1.600e+44 3.912e+42
5.952 0.225 2.321e+44 2.603e+42
7.093 0.138 2.830e+44 2.521e+42
6.124 0.591 5.453e+44 1.661e+43
8.574 0.682 1.545e+45 2.288e+43
7.358 0.789 8.048e+44 2.308e+43
4.587 0.340 1.767e+44 6.183e+42
9.711 0.322 7.959e+44 5.397e+42
5.820 0.809 2.640e+44 1.110e+43
7.431 0.861 1.879e+44 4.927e+42
5.809 0.234 2.055e+44 2.910e+42
10.436 0.351 2.480e+45 1.270e+43
5.767 0.394 6.988e+44 1.738e+43
2.637 0.117 7.850e+43 1.545e+42
5.893 0.432 2.807e+44 5.323e+42
5.531 0.340 2.954e+44 6.019e+42
3.971 0.224 3.386e+44 8.396e+42
3.310 0.161 7.768e+43 3.103e+42
2.769 0.235 6.221e+43 3.615e+42
6.674 0.741 4.934e+44 1.749e+43
4.987 0.568 1.532e+44 6.791e+42
6.984 0.411 8.642e+44 1.374e+43
1.730 0.076 4.746e+43 1.837e+42
3.784 0.167 1.788e+44 2.925e+42
4.439 0.070 3.023e+44 3.220e+42
3.246 0.123 9.538e+43 1.600e+42
8.220 3.490 1.178e+44 2.836e+42
8.085 1.060 1.056e+45 3.122e+43
6.468 0.652 5.097e+44 1.625e+43
3.459 0.101 8.280e+43 1.746e+42
4.544 0.315 7.485e+43 2.389e+42
8.389 0.892 1.707e+45 3.149e+43
4.046 0.178 1.342e+44 2.555e+42
2.503 0.129 3.287e+43 9.259e+41
4.662 0.207 1.855e+44 3.518e+42
10.221 0.496 1.606e+45 1.831e+43
7.685 0.786 1.209e+45 2.902e+43
8.769 0.991 6.962e+44 1.654e+43
7.435 1.135 7.207e+44 2.387e+43
2.896 0.410 8.092e+42 5.773e+41
7.722 1.442 6.801e+43 2.803e+42
8.257 0.987 1.031e+45 2.374e+43
2.842 0.169 3.824e+43 1.543e+42
5.738 0.096 3.852e+44 3.997e+42
2.414 0.441 2.045e+43 1.629e+42
4.884 0.331 2.218e+44 5.044e+42
3.350 0.191 3.277e+43 1.344e+42
6.256 1.557 6.017e+43 7.324e+41
4.909 0.078 2.825e+44 2.061e+42
8.457 0.247 3.290e+44 2.296e+42
4.318 0.345 3.080e+44 1.159e+43
7.367 0.817 6.607e+44 1.559e+43
3.414 0.343 5.262e+43 3.507e+42
6.609 0.612 5.593e+44 1.476e+43
7.357 0.623 5.299e+44 1.004e+43
4.961 0.108 6.748e+43 7.270e+41
4.507 0.237 7.243e+44 1.446e+43
5.882 0.281 1.606e+44 2.580e+42
4.673 0.252 8.760e+43 1.915e+42
6.980 0.487 4.621e+44 8.789e+42
2.410 0.353 2.917e+43 4.048e+42
9.274 0.923 1.113e+45 2.065e+43
6.446 0.333 3.934e+44 6.121e+42
7.481 0.430 1.944e+44 1.682e+42
5.955 0.508 9.726e+43 3.060e+42
5.069 0.332 1.214e+44 3.372e+42
7.446 0.219 2.105e+44 2.276e+42
3.829 0.166 3.295e+43 6.789e+41
4.811 0.166 1.135e+44 2.060e+42
8.090 0.120 2.596e+44 1.181e+42
2.027 0.017 1.728e+43 1.498e+41
4.671 0.336 2.625e+43 7.918e+41
6.452 0.044 2.428e+44 7.464e+41
6.510 0.460 2.166e+44 4.035e+42
5.985 0.550 4.424e+44 1.398e+43
2.757 0.126 8.160e+43 1.981e+42
7.461 0.215 6.130e+44 4.066e+42
5.372 0.428 4.180e+44 1.106e+43
2.768 0.149 1.249e+44 3.887e+42
6.544 0.474 2.575e+44 6.336e+42
5.951 0.278 3.064e+44 4.272e+42
6.738 0.767 2.585e+44 6.861e+42
3.191 0.042 8.581e+43 8.881e+41
4.370 0.043 1.328e+44 7.808e+41
7.158 0.698 1.344e+45 3.926e+43
2.746 0.081 8.456e+42 2.730e+41
8.626 0.904 7.285e+44 1.923e+43
4.731 0.361 2.486e+44 8.319e+42
8.492 0.715 1.618e+45 2.643e+43
7.380 0.343 1.310e+45 1.625e+43
6.351 0.533 6.746e+44 1.949e+43
11.329 0.824 4.901e+45 6.333e+43
2.705 0.061 1.822e+44 1.685e+42
6.192 1.972 1.569e+44 1.409e+43
7.952 0.856 1.108e+45 2.735e+43
4.339 0.622 3.027e+44 2.134e+43
6.598 0.706 1.531e+45 4.310e+43
5.356 1.041 7.124e+44 5.621e+43
7.775 1.679 1.240e+45 6.569e+43
7.969 1.061 1.121e+45 3.833e+43
0.774 0.068 7.647e+40 2.929e+40
2.677 0.069 1.895e+43 2.675e+41
4.090 0.269 2.575e+44 8.255e+42
5.205 0.509 2.309e+44 7.467e+42
2.958 0.328 1.043e+44 5.101e+42
8.803 0.412 2.399e+45 3.243e+43
7.542 0.963 1.403e+45 5.701e+43
12.330 0.318 3.163e+45 1.548e+43
1.345 0.011 1.039e+42 3.261e+40
8.519 0.522 5.322e+44 8.136e+42
7.098 0.559 3.834e+44 9.632e+42
6.685 0.546 8.956e+44 1.918e+43
6.982 0.702 1.790e+45 4.918e+43
8.233 0.411 4.154e+44 5.258e+42
5.771 1.264 1.401e+44 1.155e+43
3.215 0.010 1.652e+43 5.194e+40
4.682 0.648 9.549e+44 4.639e+43
9.099 0.369 1.582e+45 1.746e+43
10.124 0.853 2.562e+45 4.923e+43
7.055 0.085 4.802e+44 1.901e+42
2.775 0.090 3.208e+43 8.275e+41
1.187 0.096 6.319e+42 4.551e+41
2.271 0.159 1.172e+43 4.823e+41
7.360 0.956 4.125e+45 6.002e+43
1.422 0.007 4.800e+41 1.049e+40
5.915 0.728 3.452e+44 1.434e+43
5.520 0.849 1.424e+45 9.184e+43
7.414 0.783 1.634e+45 4.132e+43
2.554 0.129 8.184e+42 6.301e+41
8.373 0.617 2.059e+45 2.826e+43
9.387 0.670 1.924e+45 3.732e+43
10.379 1.974 1.256e+45 5.078e+43
7.157 0.385 1.293e+45 1.904e+43
1.177 0.188 8.679e+40 2.645e+40
0.776 0.016 4.647e+41 4.898e+40
1.347 0.024 1.738e+42 9.772e+40
3.000 3.000 1.197e+40 6.040e+39
0.954 0.108 1.332e+42 8.738e+40
3.741 0.129 3.496e+44 3.308e+42
4.138 0.036 3.072e+44 8.995e+41
3.333 0.031 1.704e+43 1.603e+41
4.135 0.238 8.046e+43 2.623e+42
3.607 0.117 1.083e+43 2.321e+41
2.440 1.236 3.365e+42 4.069e+41
2.309 0.090 2.512e+43 7.006e+41
14.992 0.825 5.181e+45 4.530e+43
4.721 1.737 2.510e+44 4.222e+43
7.351 0.909 1.112e+45 4.623e+43
5.850 0.406 1.176e+45 2.364e+43
7.482 0.607 1.341e+45 4.533e+43
3.768 0.862 1.252e+44 7.897e+42
5.351 0.721 1.188e+45 4.573e+43
9.614 1.150 1.863e+45 5.063e+43
9.462 1.087 1.951e+45 3.979e+43
7.241 0.433 1.266e+45 2.232e+43
8.425 0.493 2.485e+45 4.754e+43
6.495 1.121 4.725e+44 2.646e+43
8.688 0.806 1.304e+45 4.128e+43
11.390 0.615 3.447e+45 5.407e+43
6.871 0.887 1.134e+45 3.862e+43
5.725 0.785 1.032e+45 4.484e+43
6.952 1.118 1.314e+45 6.879e+43
11.781 0.953 2.169e+45 2.606e+43
9.796 1.402 2.194e+45 7.614e+43
5.348 0.796 4.967e+44 1.705e+43
13.427 0.744 3.249e+45 4.779e+43
8.402 0.742 2.135e+45 7.359e+43
6.546 0.840 9.007e+44 4.440e+43
9.543 1.813 1.615e+45 5.748e+43
10.460 3.316 6.065e+44 3.899e+43
10.594 2.978 1.348e+45 8.491e+43
6.459 0.708 9.540e+44 3.877e+43
9.819 1.024 1.864e+45 3.557e+43
8.317 0.778 2.097e+45 6.859e+43
10.549 1.229 3.000e+45 6.802e+43
5.944 0.493 1.012e+45 3.088e+43
7.065 0.957 7.705e+44 3.291e+43
6.201 1.072 7.967e+44 3.446e+43
4.639 0.357 5.672e+44 1.731e+43
7.589 0.383 1.611e+45 1.715e+43
7.145 0.584 9.371e+44 2.552e+43
8.150 0.767 1.299e+45 3.032e+43
7.301 2.282 1.212e+45 4.353e+43
3.877 0.342 2.011e+44 7.521e+42
7.907 0.360 2.435e+45 2.569e+43
5.825 0.553 1.382e+45 4.303e+43
8.159 0.995 2.315e+45 9.483e+43
8.126 1.150 7.413e+44 2.777e+43
6.153 0.413 8.097e+44 1.580e+43
8.556 0.958 1.994e+45 6.304e+43
5.727 0.597 9.041e+44 2.851e+43
6.387 0.903 9.769e+44 3.622e+43
6.307 1.041 4.699e+44 2.542e+43
7.235 0.704 1.921e+45 4.803e+43
7.173 0.656 8.826e+44 2.568e+43
5.797 0.603 7.619e+44 2.880e+43
4.424 0.387 4.332e+44 1.692e+43
4.131 0.331 4.707e+44 1.045e+43
9.818 1.248 1.104e+45 2.433e+43
6.140 0.619 5.481e+44 1.350e+43
3.586 0.023 2.196e+44 2.014e+42
2.439 0.240 2.581e+43 2.312e+42
3.359 0.204 2.851e+44 5.752e+42
1.502 0.026 5.686e+42 1.231e+41
3.217 0.143 8.209e+43 2.181e+42
6.934 0.573 1.105e+45 1.496e+43
4.608 0.426 4.794e+44 1.510e+43
6.314 0.558 1.009e+45 1.981e+43
3.893 0.472 2.480e+44 1.118e+43
10.923 0.801 2.725e+45 3.785e+43
7.396 0.554 1.123e+45 2.283e+43
7.113 0.661 1.243e+45 2.693e+43
4.389 0.307 2.623e+44 9.520e+42
9.195 1.083 1.330e+45 2.575e+43
4.740 0.700 2.334e+44 8.521e+42
3.323 0.298 1.240e+44 5.416e+42
3.334 0.296 2.089e+44 8.965e+42
6.574 0.423 6.064e+44 1.025e+43
2.548 0.271 7.686e+42 3.487e+41
1.993 0.078 3.829e+43 1.315e+42
1.949 0.181 9.510e+42 4.507e+41
5.507 0.376 2.016e+44 4.089e+42
4.741 0.430 2.595e+44 9.378e+42
2.853 0.191 5.451e+43 1.776e+42
8.917 0.447 5.685e+44 9.515e+42
4.352 0.127 4.286e+44 4.798e+42
5.137 0.136 4.931e+44 3.427e+42
5.721 0.780 5.636e+44 2.952e+43
8.387 0.929 8.476e+44 2.548e+43
4.513 0.328 4.609e+44 9.584e+42
4.146 0.345 9.443e+43 2.783e+42
3.598 0.160 1.766e+44 4.681e+42
7.928 0.943 1.035e+45 2.598e+43
3.000 0.615 1.694e+43 1.528e+42
9.148 0.945 8.104e+44 1.355e+43
3.693 0.437 4.886e+44 2.010e+43
7.215 0.468 1.491e+45 1.707e+43
6.615 0.961 1.351e+45 3.943e+43
7.278 0.945 9.498e+44 2.774e+43
7.404 0.362 1.043e+45 1.524e+43
11.194 1.927 1.780e+45 3.202e+43
5.545 0.349 5.912e+44 1.192e+43
8.940 0.913 1.578e+45 3.918e+43
8.851 0.900 1.283e+45 3.953e+43
4.421 0.178 2.058e+44 5.276e+42
1.733 0.145 3.347e+39 1.002e+38
3.527 0.046 1.698e+44 1.251e+42
2.091 0.041 6.044e+42 1.540e+41
3.000 3.000 9.923e+41 1.510e+41
4.401 0.289 7.796e+44 1.433e+43
0.831 0.028 4.830e+41 5.032e+40
2.553 0.179 2.633e+42 1.087e+41
2.566 0.154 1.366e+42 5.756e+40
1.719 0.079 5.879e+41 3.930e+41
0.400 1.256 3.515e+41 1.153e+41
0.618 0.038 2.481e+42 9.918e+41
1.073 0.014 2.389e+42 1.502e+41
1.417 0.002 4.064e+41 6.001e+39
1.609 0.087 3.331e+41 2.942e+40
0.711 0.109 1.531e+41 6.934e+40
0.813 0.006 5.887e+42 2.365e+41
1.701 0.048 3.115e+42 1.758e+41
9.503 2.672 9.881e+39 2.399e+39
1.794 0.076 4.154e+42 1.458e+41
1.011 0.009 9.221e+42 2.898e+41
0.658 0.003 1.946e+41 5.694e+39
1.356 0.008 1.637e+42 1.869e+40
1.464 0.046 3.645e+41 1.250e+40
5.372 0.183 6.135e+42 1.063e+41
0.997 0.002 5.079e+42 5.541e+40
1.083 0.015 4.599e+42 2.009e+41
0.889 0.024 1.011e+42 5.367e+40
1.029 0.031 6.678e+41 4.728e+40
0.647 0.005 4.534e+41 1.350e+40
2.037 0.109 1.101e+43 5.051e+41
2.626 0.040 1.554e+43 3.156e+41
0.533 0.020 1.182e+42 1.058e+41
1.068 0.012 2.297e+41 7.179e+39
0.611 0.009 2.195e+41 1.279e+40
0.674 0.012 1.981e+42 1.018e+41
5.172 0.405 3.470e+44 7.436e+42
2.792 0.072 2.387e+43 6.761e+41
6.043 0.784 6.835e+44 2.835e+43
4.253 0.302 3.268e+44 9.579e+42
3.320 0.327 1.208e+44 3.161e+42
13.658 4.999 9.505e+44 1.122e+43
5.211 0.233 1.044e+45 1.277e+43
6.135 1.371 3.879e+44 2.433e+43
6.424 0.550 3.626e+44 9.327e+42
6.242 0.678 3.973e+44 1.396e+43
7.065 0.360 3.107e+44 5.187e+42
0.894 0.150 2.593e+42 7.820e+41
4.403 0.358 1.978e+44 8.232e+42
5.776 0.103 3.487e+43 3.667e+41
6.587 0.793 4.542e+44 1.551e+43
1.069 0.163 1.122e+43 6.898e+42
10.033 0.117 4.385e+44 9.546e+41
8.474 0.184 1.932e+45 5.897e+42
6.076 0.505 7.241e+44 1.450e+43
7.394 0.824 5.477e+44 1.465e+43
6.779 0.635 5.338e+44 1.767e+43
9.352 1.116 6.604e+44 1.853e+43
8.604 0.973 1.267e+45 3.238e+43
7.873 0.623 1.304e+45 2.564e+43
9.229 0.394 1.098e+45 1.368e+43
3.014 0.500 7.754e+43 5.096e+42
5.666 1.193 4.193e+44 1.673e+43
4.737 0.802 5.334e+44 6.950e+43
9.547 1.534 7.903e+43 1.975e+42
6.333 0.766 6.232e+44 2.882e+43
1.781 0.742 6.327e+43 1.745e+43
3.057 0.465 1.438e+44 1.639e+43
3.619 0.136 2.806e+43 8.568e+41
2.597 0.184 9.436e+42 4.563e+41
1.656 0.104 1.022e+43 5.771e+41
4.422 0.653 2.839e+43 2.016e+42
7.191 0.298 1.141e+45 1.155e+43
7.216 9.999 8.013e+43 6.649e+42
5.160 0.325 4.300e+44 8.666e+42
2.304 0.487 1.146e+43 1.541e+42
4.161 0.436 6.639e+44 3.893e+43
4.345 0.546 9.031e+44 3.688e+43
5.674 1.115 6.981e+44 2.928e+43
10.375 1.660 1.169e+45 5.362e+43
6.315 0.961 9.223e+44 3.593e+43
6.340 0.793 8.969e+44 4.274e+43
4.314 0.944 6.452e+44 4.523e+43
4.623 0.680 5.531e+44 3.435e+43
4.894 0.847 4.256e+44 3.843e+43
4.225 1.110 6.801e+44 1.168e+44
4.730 1.257 1.352e+45 1.915e+44
10.896 5.575 5.466e+44 4.440e+43
6.942 1.290 1.026e+45 6.739e+43
5.684 1.184 3.586e+44 3.189e+43
5.707 1.005 6.631e+44 4.307e+43
6.057 1.133 7.364e+44 4.820e+43
4.208 1.204 4.210e+44 5.188e+43
6.180 1.273 6.981e+44 3.968e+43
5.277 1.116 8.335e+44 9.334e+43
5.508 1.058 8.120e+44 4.896e+43
5.041 1.066 4.366e+44 4.419e+43
5.837 1.082 5.672e+44 3.264e+43
4.169 0.946 4.815e+44 6.534e+43
7.402 1.643 9.605e+44 7.023e+43
5.437 1.062 7.112e+44 9.223e+43
6.627 1.171 5.648e+44 2.366e+43
5.003 1.052 9.609e+44 1.073e+44
5.497 0.745 1.656e+45 5.863e+43
6.391 0.627 3.940e+45 2.542e+44
6.587 1.233 6.290e+44 2.775e+43
6.547 1.340 8.974e+44 5.550e+43
5.061 1.020 6.934e+44 9.085e+43
6.707 1.189 5.358e+44 3.010e+43
5.520 1.008 5.551e+44 3.303e+43
5.597 0.988 7.381e+44 4.056e+43
5.483 1.346 8.188e+44 4.576e+43
6.832 1.331 7.654e+44 3.807e+43
5.699 2.351 8.394e+44 1.470e+44
6.101 1.142 6.817e+44 6.471e+43
6.195 1.137 9.746e+44 9.222e+43
6.448 0.853 1.071e+45 6.310e+43
4.929 1.317 6.292e+44 4.311e+43
4.330 0.635 4.144e+44 2.956e+43
6.794 1.148 7.311e+44 6.407e+43
6.786 1.201 9.217e+44 4.840e+43
4.684 0.940 4.767e+44 5.321e+43
8.377 2.088 1.382e+45 1.006e+44
12.075 0.574 4.448e+45 5.410e+43
7.682 0.868 1.490e+45 3.734e+43
8.577 2.473 1.454e+45 5.611e+43
7.325 1.504 1.316e+45 9.946e+43
6.021 0.956 2.250e+45 1.314e+44
10.298 1.522 2.286e+45 7.208e+43
9.647 2.074 8.166e+44 2.786e+43
6.862 1.375 1.981e+45 2.296e+44
4.049 0.441 3.349e+44 2.094e+43
7.592 1.431 1.039e+45 7.059e+43
4.747 0.516 6.731e+44 4.552e+43
10.873 0.839 5.979e+45 1.788e+44
8.654 0.943 7.223e+44 1.977e+43
4.967 1.340 1.066e+45 6.791e+43
8.683 1.815 2.693e+45 1.959e+44
8.265 1.652 1.555e+45 1.243e+44
3.965 0.833 5.625e+44 6.590e+43
10.515 2.353 1.267e+46 2.787e+44
5.103 0.937 4.169e+44 3.166e+43
4.097 0.849 3.040e+44 3.801e+43
3.655 0.138 6.674e+43 1.826e+42
6.714 1.420 1.033e+45 8.650e+43
0.653 0.014 3.604e+41 1.205e+40
1.689 0.091 5.630e+42 3.630e+41
1.013 0.020 1.544e+42 6.396e+40
0.810 0.026 9.528e+41 3.101e+41
1.151 0.045 2.940e+42 9.991e+40
1.721 0.208 4.034e+42 8.343e+41
2.809 0.634 1.666e+43 2.741e+42
2.817 0.561 1.391e+44 2.683e+43
3.820 0.485 2.746e+44 2.012e+43
4.250 0.811 9.395e+44 8.794e+43
13.211 2.081 2.836e+45 1.071e+44
4.635 0.506 8.327e+44 3.827e+43
3.925 0.311 3.962e+44 2.277e+43
6.914 1.358 3.204e+44 1.496e+43
3.748 0.013 6.145e+43 1.175e+41
1.044 0.010 3.188e+42 6.082e+40
3.214 0.129 1.496e+43 3.571e+41
6.738 2.101 7.731e+41 3.603e+41
5.873 0.211 7.130e+43 1.223e+42
8.366 3.771 2.505e+44 2.037e+43
9.946 5.790 4.238e+43 1.189e+43
1.965 0.620 5.904e+43 8.526e+43
9.237 5.006 2.402e+44 2.350e+43
6.300 0.504 9.412e+44 2.330e+43
5.926 1.535 2.242e+44 1.642e+43
6.383 0.611 5.469e+44 1.228e+43
9.249 0.846 9.253e+44 2.026e+43
8.558 1.289 6.974e+44 2.373e+43
3.587 0.944 1.729e+44 1.646e+43
6.742 0.517 4.690e+44 1.613e+43
7.108 0.927 5.917e+44 2.158e+43
8.142 0.801 1.047e+45 2.287e+43
4.192 0.734 8.114e+43 4.253e+42
4.798 1.011 4.127e+44 3.768e+43
6.632 0.610 7.137e+44 1.666e+43
3.735 0.325 3.275e+44 1.959e+43
10.197 1.708 1.920e+45 5.208e+43
9.024 0.428 3.023e+45 2.372e+43
7.231 0.708 1.815e+45 5.530e+43
5.148 1.837 2.923e+44 4.480e+43
5.611 0.866 6.554e+44 4.629e+43
4.651 0.295 1.073e+44 2.431e+42
6.813 1.329 2.797e+44 1.407e+43
4.292 0.220 2.050e+44 3.865e+42
6.550 0.122 6.372e+44 4.287e+42
8.730 3.329 2.928e+44 2.717e+43
4.485 0.477 3.231e+44 1.509e+43
7.093 2.144 4.583e+44 3.030e+43
4.472 0.282 5.477e+44 1.172e+43
5.780 0.234 5.234e+44 6.749e+42
5.916 0.374 4.423e+44 8.684e+42
4.675 0.630 1.701e+44 1.049e+43
4.298 0.098 2.797e+44 2.760e+42
3.000 0.206 3.541e+43 2.163e+42
10.190 0.442 2.724e+45 1.773e+43
4.271 0.623 3.698e+44 2.474e+43
2.243 0.173 1.610e+43 1.732e+42
